    0.0000    0.0000   -1.6800    0.0870    0.0000  -0.77461672
    0.0005   -0.0008   -1.6800    0.0870   -0.0036  -0.77461636
    0.0014   -0.0024   -1.6799    0.0870   -0.0103  -0.77461648
    0.0020   -0.0034   -1.6798    0.0870   -0.0147  -0.77461624
    0.0029   -0.0049   -1.6795    0.0870   -0.0210  -0.77461648
    0.0042   -0.0070   -1.6790    0.0869   -0.0302  -0.77461636
    0.0060   -0.0101   -1.6779    0.0869   -0.0432  -0.77461624
    0.0086   -0.0144   -1.6758    0.0867   -0.0615  -0.77461636
    0.0122   -0.0204   -1.6715    0.0865   -0.0870  -0.77461624
    0.0172   -0.0289   -1.6632    0.0859   -0.1216  -0.77461600
    0.0243   -0.0406   -1.6474    0.0849   -0.1673  -0.77461600
    0.0344   -0.0570   -1.6176    0.0829   -0.2260  -0.77461600
    0.0451   -0.0742   -1.5786    0.0802   -0.2785  -0.77461600
    0.0560   -0.0911   -1.5347    0.0770   -0.3204  -0.77461600
    0.0670   -0.1078   -1.4872    0.0732   -0.3524  -0.77461600
    0.0789   -0.1252   -1.4354    0.0689   -0.3759  -0.77461624
    0.0923   -0.1439   -1.3782    0.0638   -0.3909  -0.77461612
    0.1079   -0.1650   -1.3139    0.0576   -0.3966  -0.77461588
    0.1259   -0.1880   -1.2444    0.0505   -0.3912  -0.77461588
    0.1442   -0.2102   -1.1794    0.0434   -0.3766  -0.77461594
    0.1631   -0.2318   -1.1177    0.0365   -0.3551  -0.77461606
    0.1827   -0.2532   -1.0583    0.0298   -0.3283  -0.77461600
    0.2033   -0.2744   -1.0009    0.0234   -0.2974  -0.77461618
    0.2247   -0.2952   -0.9451    0.0174   -0.2635  -0.77461612
    0.2472   -0.3158   -0.8904    0.0118   -0.2274  -0.77461624
    0.2705   -0.3359   -0.8370    0.0070   -0.1902  -0.77461624
    0.2942   -0.3552   -0.7851    0.0029   -0.1530  -0.77461624
    0.3183   -0.3735   -0.7348   -0.0003   -0.1168  -0.77461630
    0.3418   -0.3902   -0.6874   -0.0027   -0.0831  -0.77461624
    0.3637   -0.4048   -0.6443   -0.0042   -0.0532  -0.77461636
    0.3895   -0.4207   -0.5946   -0.0051   -0.0203  -0.77461636
    0.4207   -0.4384   -0.5359   -0.0052    0.0162  -0.77461636
    0.4609   -0.4584   -0.4616   -0.0037    0.0576  -0.77461636
    0.4994   -0.4748   -0.3918   -0.0008    0.0909  -0.77461642
    0.5323   -0.4868   -0.3327    0.0026    0.1146  -0.77461642
    0.5646   -0.4966   -0.2751    0.0066    0.1335  -0.77461648
    0.5977   -0.5047   -0.2165    0.0113    0.1482  -0.77461642
    0.6345   -0.5115   -0.1519    0.0170    0.1591  -0.77461636
    0.6753   -0.5162   -0.0805    0.0236    0.1646  -0.77461642
    0.7194   -0.5181   -0.0043    0.0309    0.1626  -0.77461642
    0.7665   -0.5164    0.0762    0.0383    0.1514  -0.77461648
    0.8115   -0.5113    0.1522    0.0447    0.1321  -0.77461648
    0.8621   -0.5014    0.2365    0.0506    0.1004  -0.77461642
    0.9154   -0.4865    0.3241    0.0548    0.0556  -0.77461642
    0.9708   -0.4660    0.4142    0.0563   -0.0030  -0.77461648
    1.0289   -0.4392    0.5081    0.0541   -0.0772  -0.77461642
    1.0780   -0.4123    0.5883    0.0485   -0.1498  -0.77461642
    1.1210   -0.3855    0.6603    0.0406   -0.2199  -0.77461648
    1.1581   -0.3598    0.7253    0.0313   -0.2846  -0.77461636
    1.1895   -0.3361    0.7835    0.0214   -0.3417  -0.77461642
    1.2162   -0.3145    0.8362    0.0117   -0.3909  -0.77461636
    1.2385   -0.2953    0.8835    0.0025   -0.4317  -0.77461642
    1.2565   -0.2790    0.9243   -0.0056   -0.4639  -0.77461636
    1.2742   -0.2624    0.9668   -0.0140   -0.4937  -0.77461642
    1.2915   -0.2452    1.0116   -0.0228   -0.5206  -0.77461636
    1.3096   -0.2265    1.0620   -0.0325   -0.5451  -0.77461630
    1.3284   -0.2060    1.1185   -0.0429   -0.5645  -0.77461630
    1.3477   -0.1837    1.1812   -0.0540   -0.5754  -0.77461636
    1.3677   -0.1595    1.2499   -0.0655   -0.5731  -0.77461636
    1.3841   -0.1385    1.3082   -0.0748   -0.5578  -0.77461642
    1.4009   -0.1160    1.3669   -0.0839   -0.5268  -0.77461624
    1.4165   -0.0943    1.4175   -0.0918   -0.4826  -0.77461612
    1.4320   -0.0720    1.4605   -0.0988   -0.4239  -0.77461624
    1.4493   -0.0465    1.4953   -0.1055   -0.3442  -0.77461612
    1.4630   -0.0258    1.5107   -0.1097   -0.2735  -0.77461624
    1.4768   -0.0049    1.5142   -0.1130   -0.1999  -0.77461612
    1.4902    0.0154    1.5066   -0.1152   -0.1299  -0.77461624
    1.5045    0.0368    1.4879   -0.1165   -0.0600  -0.77461612
    1.5174    0.0558    1.4633   -0.1169   -0.0030  -0.77461624
    1.5284    0.0717    1.4379   -0.1167    0.0400  -0.77461624
    1.5398    0.0880    1.4080   -0.1160    0.0793  -0.77461612
    1.5519    0.1048    1.3741   -0.1149    0.1145  -0.77461630
    1.5651    0.1227    1.3351   -0.1131    0.1461  -0.77461636
    1.5795    0.1417    1.2915   -0.1108    0.1730  -0.77461630
    1.5956    0.1620    1.2428   -0.1079    0.1949  -0.77461630
    1.6137    0.1840    1.1886   -0.1042    0.2110  -0.77461636
    1.6348    0.2085    1.1275   -0.0996    0.2204  -0.77461630
    1.6604    0.2364    1.0571   -0.0939    0.2216  -0.77461642
    1.6886    0.2651    0.9844   -0.0878    0.2138  -0.77461648
    1.7180    0.2931    0.9135   -0.0817    0.1988  -0.77461648
    1.7491    0.3204    0.8437   -0.0758    0.1783  -0.77461648
    1.7823    0.3473    0.7740   -0.0703    0.1536  -0.77461642
    1.8179    0.3736    0.7038   -0.0653    0.1259  -0.77461648
    1.8563    0.3992    0.6323   -0.0611    0.0964  -0.77461648
    1.8981    0.4241    0.5585   -0.0577    0.0662  -0.77461642
    1.9440    0.4479    0.4811   -0.0553    0.0365  -0.77461642
    1.9953    0.4704    0.3982   -0.0542    0.0089  -0.77461642
    2.0521    0.4905    0.3099   -0.0544   -0.0140  -0.77461642
    2.1195    0.5080    0.2085   -0.0559   -0.0299  -0.77461648
    2.1934    0.5194    0.1012   -0.0583   -0.0326  -0.77461642
    2.2613    0.5230    0.0057   -0.0602   -0.0213  -0.77461636
    2.3168    0.5212   -0.0704   -0.0609   -0.0022  -0.77461642
    2.3708    0.5154   -0.1429   -0.0604    0.0246  -0.77461636
    2.4280    0.5051   -0.2182   -0.0579    0.0617  -0.77461636
    2.4921    0.4885   -0.3012   -0.0524    0.1134  -0.77461636
    2.5637    0.4636   -0.3933   -0.0419    0.1826  -0.77461630
    2.6136    0.4423   -0.4584   -0.0314    0.2371  -0.77461636
    2.6566    0.4214   -0.5158   -0.0201    0.2871  -0.77461642
    2.6933    0.4015   -0.5666   -0.0088    0.3312  -0.77461636
    2.7239    0.3836   -0.6105    0.0019    0.3681  -0.77461636
    2.7494    0.3675   -0.6489    0.0117    0.3985  -0.77461642
    2.7743    0.3509   -0.6879    0.0220    0.4271  -0.77461642
    2.8008    0.3321   -0.7317    0.0337    0.4557  -0.77461636
    2.8288    0.3109   -0.7807    0.0468    0.4827  -0.77461642
    2.8582    0.2872   -0.8353    0.0613    0.5055  -0.77461648
    2.8886    0.2609   -0.8954    0.0770    0.5208  -0.77461648
    2.9206    0.2312   -0.9619    0.0937    0.5243  -0.77461642
    2.9476    0.2044   -1.0194    0.1078    0.5143  -0.77461636
    2.9749    0.1758   -1.0766    0.1215    0.4898  -0.77461642
    3.0008    0.1472   -1.1276    0.1338    0.4518  -0.77461648
    3.0273    0.1167   -1.1731    0.1450    0.3982  -0.77461660
    3.0572    0.0810   -1.2124    0.1558    0.3219  -0.77461654
    3.0812    0.0516   -1.2323    0.1628    0.2518  -0.77461654
    3.1058    0.0212   -1.2408    0.1680    0.1757  -0.77461660
    3.1289   -0.0075   -1.2377    0.1712    0.1038  -0.77461660
    3.1517   -0.0355   -1.2248    0.1728    0.0355  -0.77461660
    3.1758   -0.0648   -1.2019    0.1729   -0.0314  -0.77461672
    3.1984   -0.0917   -1.1733    0.1715   -0.0878  -0.77461660
    3.2226   -0.1196   -1.1369    0.1687   -0.1398  -0.77461666
    3.2458   -0.1455   -1.0980    0.1650   -0.1816  -0.77461660
    3.2702   -0.1718   -1.0542    0.1601   -0.2171  -0.77461666
    3.2959   -0.1983   -1.0066    0.1541   -0.2456  -0.77461666
    3.3232   -0.2251   -0.9552    0.1471   -0.2671  -0.77461660
    3.3532   -0.2529   -0.8993    0.1389   -0.2817  -0.77461666
    3.3860   -0.2814   -0.8396    0.1295   -0.2888  -0.77461660
    3.4231   -0.3113   -0.7748    0.1188   -0.2881  -0.77461666
    3.4655   -0.3427   -0.7042    0.1067   -0.2791  -0.77461660
    3.5090   -0.3718   -0.6360    0.0949   -0.2640  -0.77461672
    3.5536   -0.3987   -0.5696    0.0835   -0.2447  -0.77461666
    3.5999   -0.4235   -0.5043    0.0727   -0.2228  -0.77461666
    3.6483   -0.4463   -0.4390    0.0625   -0.1998  -0.77461672
    3.6991   -0.4670   -0.3734    0.0529   -0.1769  -0.77461666
    3.7527   -0.4852   -0.3064    0.0440   -0.1555  -0.77461672
    3.8096   -0.5006   -0.2372    0.0357   -0.1366  -0.77461660
    3.8708   -0.5129   -0.1645    0.0278   -0.1218  -0.77461660
    3.9381   -0.5213   -0.0859    0.0200   -0.1127  -0.77461654
    4.0142   -0.5245    0.0019    0.0115   -0.1119  -0.77461660
    4.0742   -0.5223    0.0710    0.0046   -0.1186  -0.77461654
    4.1334   -0.5161    0.1390   -0.0027   -0.1313  -0.77461660
    4.1911   -0.5062    0.2057   -0.0108   -0.1492  -0.77461654
    4.2479   -0.4926    0.2723   -0.0199   -0.1719  -0.77461648
    4.3028   -0.4759    0.3378   -0.0300   -0.1977  -0.77461660
    4.3557   -0.4563    0.4027   -0.0412   -0.2253  -0.77461660
    4.4065   -0.4342    0.4673   -0.0534   -0.2534  -0.77461660
    4.4556   -0.4097    0.5326   -0.0665   -0.2805  -0.77461660
    4.5030   -0.3829    0.5989   -0.0804   -0.3050  -0.77461660
    4.5490   -0.3537    0.6669   -0.0949   -0.3248  -0.77461660
    4.5940   -0.3222    0.7373   -0.1098   -0.3378  -0.77461666
    4.6382   -0.2880    0.8103   -0.1248   -0.3412  -0.77461672
    4.6745   -0.2575    0.8727   -0.1371   -0.3343  -0.77461666
    4.7117   -0.2238    0.9379   -0.1493   -0.3153  -0.77461660
    4.7453   -0.1913    0.9963   -0.1594   -0.2857  -0.77461678
    4.7762   -0.1597    1.0480   -0.1677   -0.2467  -0.77461672
    4.8057   -0.1282    1.0934   -0.1742   -0.1980  -0.77461660
    4.8345   -0.0961    1.1321   -0.1791   -0.1396  -0.77461660
    4.8644   -0.0617    1.1639   -0.1823   -0.0688  -0.77461654
    4.8907   -0.0308    1.1828   -0.1832    0.0003  -0.77461660
    4.9101   -0.0078    1.1904   -0.1826    0.0542  -0.77461654
    4.9295    0.0154    1.1923   -0.1811    0.1092  -0.77461642
    4.9498    0.0395    1.1877   -0.1783    0.1664  -0.77461642
    4.9717    0.0654    1.1755   -0.1740    0.2262  -0.77461642
    4.9953    0.0929    1.1542   -0.1679    0.2863  -0.77461630
    5.0000    0.0983    1.1490   -0.1665    0.2975  -0.77461636
