    0.0000    0.0000   -1.6800    0.0870    0.0000  -0.77461672
    0.0010   -0.0016   -1.6799    0.0870   -0.0069  -0.77461672
    0.0029   -0.0049   -1.6795    0.0870   -0.0209  -0.77461672
    0.0087   -0.0147   -1.6756    0.0867   -0.0627  -0.77461660
    0.0252   -0.0420   -1.6451    0.0848   -0.1728  -0.77461648
    0.0518   -0.0847   -1.5520    0.0783   -0.3056  -0.77461660
    0.0802   -0.1271   -1.4297    0.0684   -0.3779  -0.77461672
    0.1124   -0.1708   -1.2962    0.0558   -0.3963  -0.77461660
    0.1596   -0.2279   -1.1288    0.0378   -0.3595  -0.77461505
    0.2095   -0.2805   -0.9843    0.0216   -0.2877  -0.77461457
    0.2667   -0.3328   -0.8455    0.0077   -0.1961  -0.77461445
    0.3325   -0.3837   -0.7059   -0.0018   -0.0962  -0.77461445
    0.4062   -0.4304   -0.5630   -0.0053   -0.0002  -0.77461439
    0.4887   -0.4706   -0.4111   -0.0017    0.0823  -0.77461433
    0.5978   -0.5047   -0.2163    0.0113    0.1482  -0.77461445
    0.7162   -0.5181   -0.0099    0.0303    0.1630  -0.77461451
    0.8389   -0.5065    0.1981    0.0481    0.1162  -0.77461457
    0.9737   -0.4648    0.4189    0.0563   -0.0064  -0.77461475
    1.1155   -0.3891    0.6509    0.0418   -0.2106  -0.77461386
    1.1992   -0.3284    0.8023    0.0180   -0.3596  -0.77461338
    1.2609   -0.2749    0.9346   -0.0077   -0.4715  -0.77461290
    1.3122   -0.2236    1.0697   -0.0339   -0.5483  -0.77461231
    1.3669   -0.1605    1.2470   -0.0650   -0.5736  -0.77461070
    1.4037   -0.1121    1.3765   -0.0854   -0.5198  -0.77461076
    1.4437   -0.0548    1.4858   -0.1035   -0.3714  -0.77460861
    1.4809    0.0014    1.5130   -0.1138   -0.1781  -0.77460694
    1.5184    0.0572    1.4612   -0.1169    0.0010  -0.77460694
    1.5526    0.1058    1.3720   -0.1148    0.1164  -0.77460682
    1.5875    0.1519    1.2672   -0.1094    0.1849  -0.77460653
    1.6282    0.2010    1.1463   -0.1011    0.2184  -0.77460653
    1.6837    0.2604    0.9965   -0.0888    0.2157  -0.77460611
    1.7563    0.3264    0.8283   -0.0746    0.1731  -0.77460545
    1.8387    0.3878    0.6646   -0.0629    0.1098  -0.77460515
    1.9363    0.4441    0.4940   -0.0556    0.0412  -0.77460504
    2.0548    0.4914    0.3058   -0.0544   -0.0149  -0.77460492
    2.2119    0.5210    0.0749   -0.0589   -0.0309  -0.77460492
    2.3810    0.5139   -0.1564   -0.0601    0.0306  -0.77460504
    2.5473    0.4699   -0.3722   -0.0447    0.1658  -0.77460450
    2.6718    0.4134   -0.5365   -0.0156    0.3052  -0.77460378
    2.7612    0.3598   -0.6671    0.0164    0.4122  -0.77460343
    2.8431    0.2996   -0.8067    0.0538    0.4946  -0.77460277
    2.9269    0.2251   -0.9753    0.0970    0.5232  -0.77460235
    2.9899    0.1594   -1.1067    0.1287    0.4696  -0.77460212
    3.0551    0.0835   -1.2101    0.1552    0.3277  -0.77460080
    3.1196    0.0042   -1.2402    0.1701    0.1330  -0.77460027
    3.1844   -0.0751   -1.1917    0.1725   -0.0536  -0.77460057
    3.2469   -0.1467   -1.0960    0.1648   -0.1833  -0.77460033
    3.3116   -0.2138   -0.9771    0.1502   -0.2589  -0.77460015
    3.3814   -0.2775   -0.8479    0.1308   -0.2882  -0.77460015
    3.4679   -0.3443   -0.7005    0.1061   -0.2784  -0.77459991
    3.5776   -0.4119   -0.5355    0.0778   -0.2335  -0.77459937
    3.6967   -0.4660   -0.3765    0.0534   -0.1780  -0.77459902
    3.8311   -0.5054   -0.2116    0.0329   -0.1308  -0.77459896
    3.9868   -0.5242   -0.0297    0.0146   -0.1110  -0.77459884
    4.1829   -0.5079    0.1961   -0.0096   -0.1464  -0.77459854
    4.3343   -0.4647    0.3760   -0.0365   -0.2139  -0.77459824
    4.4637   -0.4054    0.5435   -0.0687   -0.2849  -0.77459764
    4.5971   -0.3200    0.7421   -0.1108   -0.3384  -0.77459574
    4.6870   -0.2465    0.8943   -0.1413   -0.3294  -0.77459538
    4.7622   -0.1744    1.0246   -0.1640   -0.2661  -0.77459532
    4.8414   -0.0884    1.1401   -0.1800   -0.1245  -0.77459466
    4.9174    0.0007    1.1917   -0.1822    0.0743  -0.77459490
    4.9808    0.0760    1.1683   -0.1718    0.2497  -0.77459484
    5.0000    0.0982    1.1491   -0.1666    0.2971  -0.77459496
