    0.0000    0.0000   -1.6800    0.0870    0.0000  -0.77461672
    0.0007   -0.0012   -1.6800    0.0870   -0.0054  -0.77461672
    0.0015   -0.0025   -1.6799    0.0870   -0.0108  -0.77461648
    0.0030   -0.0051   -1.6795    0.0870   -0.0218  -0.77461648
    0.0061   -0.0102   -1.6779    0.0869   -0.0438  -0.77461624
    0.0123   -0.0206   -1.6713    0.0865   -0.0879  -0.77461636
    0.0234   -0.0390   -1.6497    0.0851   -0.1616  -0.77461672
    0.0399   -0.0659   -1.5984    0.0816   -0.2542  -0.77461660
    0.0581   -0.0943   -1.5258    0.0763   -0.3273  -0.77461684
    0.0756   -0.1204   -1.4499    0.0701   -0.3703  -0.77461672
    0.0954   -0.1483   -1.3648    0.0625   -0.3930  -0.77461672
    0.1204   -0.1811   -1.2652    0.0526   -0.3939  -0.77461660
    0.1497   -0.2166   -1.1610    0.0414   -0.3709  -0.77461660
    0.1804   -0.2508   -1.0650    0.0306   -0.3316  -0.77461654
    0.2136   -0.2846   -0.9735    0.0204   -0.2812  -0.77461648
    0.2497   -0.3181   -0.8844    0.0113   -0.2233  -0.77461636
    0.2888   -0.3509   -0.7967    0.0038   -0.1614  -0.77461642
    0.3305   -0.3823   -0.7100   -0.0016   -0.0991  -0.77461636
    0.3733   -0.4109   -0.6257   -0.0046   -0.0407  -0.77461636
    0.4187   -0.4373   -0.5395   -0.0052    0.0140  -0.77461642
    0.4775   -0.4659   -0.4314   -0.0026    0.0727  -0.77461642
    0.5409   -0.4896   -0.3173    0.0036    0.1201  -0.77461636
    0.6059   -0.5064   -0.2020    0.0125    0.1512  -0.77461642
    0.6707   -0.5158   -0.0886    0.0229    0.1643  -0.77461648
    0.7433   -0.5177    0.0367    0.0347    0.1581  -0.77461642
    0.8223   -0.5095    0.1703    0.0461    0.1262  -0.77461648
    0.9061   -0.4894    0.3090    0.0543    0.0642  -0.77461648
    0.9936   -0.4562    0.4510    0.0560   -0.0306  -0.77461648
    1.0855   -0.4079    0.6007    0.0474   -0.1616  -0.77461642
    1.1493   -0.3661    0.7096    0.0337   -0.2690  -0.77461636
    1.1997   -0.3280    0.8033    0.0178   -0.3605  -0.77461636
    1.2399   -0.2941    0.8865    0.0019   -0.4342  -0.77461624
    1.2710   -0.2654    0.9591   -0.0125   -0.4885  -0.77461624
    1.3038   -0.2326    1.0454   -0.0293   -0.5378  -0.77461630
    1.3354   -0.1981    1.1406   -0.0469   -0.5697  -0.77461618
    1.3675   -0.1597    1.2492   -0.0654   -0.5732  -0.77461618
    1.3919   -0.1282    1.3357   -0.0791   -0.5455  -0.77461612
    1.4178   -0.0924    1.4216   -0.0924   -0.4781  -0.77461588
    1.4423   -0.0568    1.4832   -0.1030   -0.3779  -0.77461576
    1.4652   -0.0225    1.5120   -0.1103   -0.2620  -0.77461565
    1.4885    0.0128    1.5082   -0.1150   -0.1387  -0.77461553
    1.5118    0.0476    1.4747   -0.1169   -0.0268  -0.77461541
    1.5315    0.0762    1.4300   -0.1166    0.0513  -0.77461553
    1.5525    0.1056    1.3724   -0.1148    0.1160  -0.77461547
    1.5728    0.1329    1.3119   -0.1120    0.1614  -0.77461565
    1.5963    0.1629    1.2405   -0.1077    0.1958  -0.77461565
    1.6243    0.1965    1.1576   -0.1019    0.2168  -0.77461576
    1.6595    0.2355    1.0594   -0.0941    0.2218  -0.77461565
    1.7042    0.2803    0.9461   -0.0845    0.2065  -0.77461553
    1.7521    0.3229    0.8373   -0.0753    0.1762  -0.77461559
    1.8047    0.3641    0.7294   -0.0671    0.1362  -0.77461553
    1.8634    0.4036    0.6195   -0.0604    0.0911  -0.77461547
    1.9298    0.4409    0.5047   -0.0559    0.0453  -0.77461553
    2.0064    0.4748    0.3807   -0.0541    0.0037  -0.77461547
    2.0984    0.5033    0.2399   -0.0553   -0.0263  -0.77461553
    2.2013    0.5202    0.0900   -0.0586   -0.0320  -0.77461547
    2.3117    0.5216   -0.0635   -0.0609   -0.0044  -0.77461553
    2.4163    0.5076   -0.2029   -0.0586    0.0534  -0.77461547
    2.5225    0.4787   -0.3402   -0.0485    0.1414  -0.77461553
    2.6139    0.4422   -0.4587   -0.0313    0.2374  -0.77461541
    2.6810    0.4084   -0.5493   -0.0128    0.3163  -0.77461541
    2.7355    0.3764   -0.6278    0.0063    0.3820  -0.77461541
    2.7832    0.3447   -0.7023    0.0258    0.4369  -0.77461529
    2.8316    0.3087   -0.7857    0.0482    0.4851  -0.77461529
    2.8810    0.2676   -0.8802    0.0730    0.5180  -0.77461523
    2.9326    0.2195   -0.9875    0.1000    0.5215  -0.77461529
    2.9734    0.1774   -1.0736    0.1208    0.4915  -0.77461523
    3.0148    0.1313   -1.1527    0.1399    0.4252  -0.77461517
    3.0571    0.0811   -1.2123    0.1558    0.3221  -0.77461505
    3.0961    0.0333   -1.2389    0.1662    0.2061  -0.77461505
    3.1360   -0.0162   -1.2347    0.1719    0.0824  -0.77461511
    3.1750   -0.0638   -1.2028    0.1729   -0.0293  -0.77461517
    3.2112   -0.1066   -1.1547    0.1702   -0.1164  -0.77461517
    3.2497   -0.1498   -1.0911    0.1643   -0.1879  -0.77461511
    3.2880   -0.1903   -1.0213    0.1560   -0.2378  -0.77461535
    3.3298   -0.2313   -0.9429    0.1453   -0.2711  -0.77461517
    3.3769   -0.2737   -0.8560    0.1321   -0.2876  -0.77461523
    3.4320   -0.3182   -0.7596    0.1162   -0.2868  -0.77461517
    3.5004   -0.3663   -0.6491    0.0972   -0.2673  -0.77461517
    3.5712   -0.4085   -0.5444    0.0793   -0.2365  -0.77461517
    3.6466   -0.4456   -0.4414    0.0628   -0.2006  -0.77461517
    3.7278   -0.4771   -0.3373    0.0480   -0.1651  -0.77461505
    3.8163   -0.5022   -0.2293    0.0348   -0.1347  -0.77461505
    3.9147   -0.5190   -0.1131    0.0227   -0.1150  -0.77461505
    4.0291   -0.5244    0.0192    0.0098   -0.1130  -0.77461505
    4.1566   -0.5126    0.1658   -0.0058   -0.1379  -0.77461493
    4.2531   -0.4912    0.2784   -0.0208   -0.1741  -0.77461493
    4.3405   -0.4623    0.3839   -0.0378   -0.2172  -0.77461493
    4.4286   -0.4236    0.4963   -0.0591   -0.2657  -0.77461493
    4.5099   -0.3787    0.6088   -0.0825   -0.3082  -0.77461481
    4.5860   -0.3280    0.7246   -0.1071   -0.3361  -0.77461469
    4.6589   -0.2709    0.8457   -0.1319   -0.3385  -0.77461469
    4.7103   -0.2251    0.9354   -0.1488   -0.3163  -0.77461481
    4.7586   -0.1779    1.0188   -0.1631   -0.2705  -0.77461475
    4.8072   -0.1264    1.0957   -0.1745   -0.1951  -0.77461475
    4.8533   -0.0745    1.1533   -0.1813   -0.0961  -0.77461463
    4.9028   -0.0165    1.1882   -0.1830    0.0337  -0.77461475
    4.9377    0.0251    1.1912   -0.1801    0.1323  -0.77461487
    4.9743    0.0685    1.1735   -0.1734    0.2331  -0.77461487
    5.0000    0.0983    1.1490   -0.1665    0.2974  -0.77461475
