    0.0000    0.0000   -1.6800    0.0870    0.0000  -0.77461672
    0.0005   -0.0009   -1.6800    0.0870   -0.0037  -0.77461600
    0.0011   -0.0018   -1.6799    0.0870   -0.0078  -0.77461612
    0.0016   -0.0027   -1.6798    0.0870   -0.0118  -0.77461600
    0.0023   -0.0038   -1.6797    0.0870   -0.0164  -0.77461612
    0.0028   -0.0047   -1.6795    0.0870   -0.0203  -0.77461600
    0.0035   -0.0059   -1.6793    0.0870   -0.0253  -0.77461612
    0.0044   -0.0073   -1.6789    0.0869   -0.0314  -0.77461600
    0.0054   -0.0090   -1.6783    0.0869   -0.0388  -0.77461588
    0.0059   -0.0100   -1.6780    0.0869   -0.0429  -0.77461612
    0.0066   -0.0111   -1.6775    0.0868   -0.0476  -0.77461612
    0.0073   -0.0123   -1.6769    0.0868   -0.0528  -0.77461612
    0.0082   -0.0137   -1.6762    0.0868   -0.0587  -0.77461600
    0.0091   -0.0152   -1.6753    0.0867   -0.0651  -0.77461612
    0.0101   -0.0169   -1.6742    0.0866   -0.0723  -0.77461600
    0.0112   -0.0188   -1.6728    0.0865   -0.0802  -0.77461612
    0.0124   -0.0209   -1.6712    0.0864   -0.0888  -0.77461612
    0.0138   -0.0232   -1.6691    0.0863   -0.0984  -0.77461612
    0.0154   -0.0258   -1.6665    0.0862   -0.1091  -0.77461624
    0.0171   -0.0287   -1.6634    0.0860   -0.1209  -0.77461624
    0.0191   -0.0319   -1.6595    0.0857   -0.1339  -0.77461624
    0.0213   -0.0356   -1.6546    0.0854   -0.1484  -0.77461636
    0.0237   -0.0396   -1.6489    0.0850   -0.1637  -0.77461624
    0.0264   -0.0439   -1.6419    0.0846   -0.1800  -0.77461636
    0.0294   -0.0489   -1.6334    0.0840   -0.1978  -0.77461624
    0.0326   -0.0542   -1.6232    0.0833   -0.2164  -0.77461624
    0.0363   -0.0602   -1.6109    0.0825   -0.2364  -0.77461636
    0.0405   -0.0669   -1.5960    0.0814   -0.2574  -0.77461648
    0.0453   -0.0744   -1.5782    0.0802   -0.2790  -0.77461648
    0.0507   -0.0830   -1.5564    0.0786   -0.3015  -0.77461624
    0.0568   -0.0924   -1.5311    0.0767   -0.3232  -0.77461624
    0.0636   -0.1027   -1.5020    0.0744   -0.3436  -0.77461636
    0.0708   -0.1134   -1.4708    0.0719   -0.3610  -0.77461648
    0.0787   -0.1248   -1.4366    0.0690   -0.3755  -0.77461636
    0.0873   -0.1370   -1.3994    0.0657   -0.3865  -0.77461648
    0.0964   -0.1496   -1.3609    0.0621   -0.3935  -0.77461666
    0.1064   -0.1630   -1.3198    0.0582   -0.3965  -0.77461654
    0.1169   -0.1766   -1.2786    0.0540   -0.3952  -0.77461654
    0.1273   -0.1898   -1.2392    0.0499   -0.3903  -0.77461648
    0.1378   -0.2026   -1.2016    0.0459   -0.3825  -0.77461648
    0.1485   -0.2153   -1.1648    0.0418   -0.3721  -0.77461642
    0.1594   -0.2277   -1.1294    0.0378   -0.3597  -0.77461642
    0.1703   -0.2398   -1.0953    0.0340   -0.3457  -0.77461648
    0.1815   -0.2519   -1.0618    0.0302   -0.3301  -0.77461648
    0.1929   -0.2638   -1.0293    0.0265   -0.3133  -0.77461648
    0.2044   -0.2755   -0.9979    0.0230   -0.2957  -0.77461642
    0.2160   -0.2868   -0.9674    0.0197   -0.2775  -0.77461636
    0.2275   -0.2978   -0.9382    0.0166   -0.2591  -0.77461630
    0.2389   -0.3084   -0.9102    0.0138   -0.2407  -0.77461636
    0.2503   -0.3186   -0.8831    0.0111   -0.2224  -0.77461636
    0.2615   -0.3284   -0.8572    0.0087   -0.2044  -0.77461642
    0.2727   -0.3378   -0.8321    0.0066   -0.1867  -0.77461636
    0.2831   -0.3464   -0.8090    0.0047   -0.1702  -0.77461636
    0.2931   -0.3543   -0.7875    0.0031   -0.1547  -0.77461642
    0.3006   -0.3602   -0.7716    0.0020   -0.1433  -0.77461636
    0.3060   -0.3643   -0.7602    0.0012   -0.1351  -0.77461636
    0.3105   -0.3677   -0.7509    0.0006   -0.1283  -0.77461648
    0.3130   -0.3696   -0.7457    0.0003   -0.1246  -0.77461648
    0.3143   -0.3705   -0.7431    0.0001   -0.1227  -0.77461642
    0.3149   -0.3710   -0.7418    0.0001   -0.1218  -0.77461636
    0.3154   -0.3714   -0.7407    0.0000   -0.1210  -0.77461636
    0.3159   -0.3717   -0.7397   -0.0001   -0.1203  -0.77461648
    0.3165   -0.3722   -0.7385   -0.0001   -0.1194  -0.77461660
    0.3171   -0.3726   -0.7373   -0.0002   -0.1186  -0.77461666
    0.3177   -0.3731   -0.7360   -0.0003   -0.1176  -0.77461660
    0.3183   -0.3735   -0.7347   -0.0003   -0.1167  -0.77461660
    0.3191   -0.3741   -0.7332   -0.0004   -0.1156  -0.77461672
    0.3200   -0.3748   -0.7312   -0.0005   -0.1142  -0.77461672
    0.3206   -0.3752   -0.7301   -0.0006   -0.1134  -0.77461672
    0.3212   -0.3756   -0.7288   -0.0007   -0.1125  -0.77461672
    0.3219   -0.3761   -0.7274   -0.0007   -0.1115  -0.77461666
    0.3227   -0.3767   -0.7258   -0.0008   -0.1103  -0.77461666
    0.3236   -0.3774   -0.7240   -0.0009   -0.1090  -0.77461666
    0.3246   -0.3781   -0.7219   -0.0010   -0.1076  -0.77461672
    0.3257   -0.3789   -0.7196   -0.0012   -0.1059  -0.77461666
    0.3270   -0.3798   -0.7171   -0.0013   -0.1041  -0.77461666
    0.3283   -0.3808   -0.7143   -0.0014   -0.1021  -0.77461660
    0.3299   -0.3819   -0.7111   -0.0016   -0.0999  -0.77461660
    0.3317   -0.3831   -0.7076   -0.0018   -0.0973  -0.77461672
    0.3337   -0.3846   -0.7035   -0.0020   -0.0944  -0.77461666
    0.3360   -0.3862   -0.6989   -0.0022   -0.0912  -0.77461672
    0.3386   -0.3880   -0.6936   -0.0024   -0.0874  -0.77461666
    0.3417   -0.3901   -0.6876   -0.0027   -0.0832  -0.77461666
    0.3450   -0.3924   -0.6809   -0.0029   -0.0785  -0.77461660
    0.3489   -0.3950   -0.6732   -0.0032   -0.0731  -0.77461666
    0.3534   -0.3980   -0.6643   -0.0036   -0.0670  -0.77461666
    0.3587   -0.4015   -0.6540   -0.0039   -0.0599  -0.77461672
    0.3647   -0.4054   -0.6422   -0.0042   -0.0518  -0.77461672
    0.3713   -0.4096   -0.6294   -0.0045   -0.0432  -0.77461666
    0.3782   -0.4139   -0.6163   -0.0048   -0.0344  -0.77461666
    0.3851   -0.4181   -0.6029   -0.0050   -0.0256  -0.77461666
    0.3918   -0.4221   -0.5902   -0.0052   -0.0174  -0.77461672
    0.3975   -0.4255   -0.5793   -0.0052   -0.0105  -0.77461666
    0.4013   -0.4276   -0.5722   -0.0053   -0.0060  -0.77461660
    0.4038   -0.4291   -0.5675   -0.0053   -0.0030  -0.77461660
    0.4057   -0.4301   -0.5640   -0.0053   -0.0009  -0.77461654
    0.4064   -0.4305   -0.5627   -0.0053   -0.0000  -0.77461660
    0.4069   -0.4308   -0.5617   -0.0053    0.0005  -0.77461654
    0.4075   -0.4311   -0.5606   -0.0053    0.0013  -0.77461660
    0.4081   -0.4315   -0.5594   -0.0053    0.0020  -0.77461660
    0.4088   -0.4319   -0.5581   -0.0053    0.0028  -0.77461666
    0.4094   -0.4322   -0.5570   -0.0053    0.0035  -0.77461660
    0.4102   -0.4326   -0.5556   -0.0053    0.0043  -0.77461660
    0.4111   -0.4332   -0.5538   -0.0053    0.0054  -0.77461660
    0.4116   -0.4335   -0.5528   -0.0053    0.0060  -0.77461660
    0.4123   -0.4338   -0.5516   -0.0053    0.0068  -0.77461660
    0.4130   -0.4342   -0.5502   -0.0053    0.0076  -0.77461666
    0.4139   -0.4347   -0.5486   -0.0052    0.0086  -0.77461660
    0.4148   -0.4352   -0.5468   -0.0052    0.0097  -0.77461666
    0.4158   -0.4358   -0.5450   -0.0052    0.0108  -0.77461672
    0.4170   -0.4364   -0.5428   -0.0052    0.0121  -0.77461666
    0.4182   -0.4371   -0.5405   -0.0052    0.0135  -0.77461666
    0.4196   -0.4378   -0.5378   -0.0052    0.0151  -0.77461666
    0.4212   -0.4386   -0.5350   -0.0052    0.0168  -0.77461666
    0.4229   -0.4396   -0.5317   -0.0051    0.0187  -0.77461666
    0.4249   -0.4406   -0.5280   -0.0051    0.0209  -0.77461666
    0.4272   -0.4418   -0.5238   -0.0050    0.0233  -0.77461672
    0.4297   -0.4432   -0.5190   -0.0050    0.0261  -0.77461666
    0.4325   -0.4446   -0.5139   -0.0049    0.0291  -0.77461666
    0.4357   -0.4462   -0.5081   -0.0048    0.0324  -0.77461666
    0.4390   -0.4479   -0.5018   -0.0047    0.0359  -0.77461672
    0.4431   -0.4499   -0.4944   -0.0045    0.0401  -0.77461666
    0.4476   -0.4521   -0.4860   -0.0043    0.0446  -0.77461660
    0.4527   -0.4546   -0.4768   -0.0041    0.0496  -0.77461666
    0.4583   -0.4572   -0.4664   -0.0038    0.0551  -0.77461660
    0.4649   -0.4603   -0.4544   -0.0034    0.0613  -0.77461660
    0.4722   -0.4635   -0.4411   -0.0029    0.0680  -0.77461660
    0.4803   -0.4670   -0.4263   -0.0024    0.0752  -0.77461660
    0.4885   -0.4705   -0.4114   -0.0017    0.0822  -0.77461666
    0.4963   -0.4737   -0.3973   -0.0011    0.0886  -0.77461666
    0.5025   -0.4761   -0.3862   -0.0005    0.0934  -0.77461660
    0.5058   -0.4773   -0.3803   -0.0002    0.0959  -0.77461666
    0.5073   -0.4779   -0.3775   -0.0000    0.0971  -0.77461660
    0.5079   -0.4781   -0.3765    0.0000    0.0975  -0.77461660
    0.5084   -0.4783   -0.3755    0.0001    0.0979  -0.77461654
    0.5089   -0.4785   -0.3746    0.0001    0.0983  -0.77461654
    0.5096   -0.4787   -0.3735    0.0002    0.0988  -0.77461648
    0.5101   -0.4789   -0.3725    0.0002    0.0991  -0.77461654
    0.5107   -0.4792   -0.3715    0.0003    0.0996  -0.77461648
    0.5114   -0.4794   -0.3701    0.0004    0.1001  -0.77461648
    0.5123   -0.4798   -0.3685    0.0005    0.1008  -0.77461648
    0.5129   -0.4800   -0.3675    0.0005    0.1012  -0.77461648
    0.5135   -0.4802   -0.3664    0.0006    0.1016  -0.77461648
    0.5141   -0.4804   -0.3652    0.0006    0.1021  -0.77461642
    0.5149   -0.4807   -0.3639    0.0007    0.1027  -0.77461648
    0.5157   -0.4810   -0.3624    0.0008    0.1033  -0.77461648
    0.5166   -0.4813   -0.3607    0.0009    0.1040  -0.77461648
    0.5177   -0.4817   -0.3588    0.0010    0.1047  -0.77461648
    0.5189   -0.4821   -0.3567    0.0011    0.1055  -0.77461648
    0.5202   -0.4826   -0.3544    0.0013    0.1064  -0.77461654
    0.5216   -0.4831   -0.3519    0.0014    0.1074  -0.77461654
    0.5231   -0.4837   -0.3490    0.0016    0.1085  -0.77461654
    0.5249   -0.4843   -0.3458    0.0018    0.1097  -0.77461654
    0.5269   -0.4850   -0.3422    0.0020    0.1111  -0.77461654
    0.5292   -0.4857   -0.3382    0.0023    0.1126  -0.77461648
    0.5317   -0.4866   -0.3337    0.0025    0.1143  -0.77461654
    0.5345   -0.4875   -0.3287    0.0029    0.1161  -0.77461648
    0.5376   -0.4885   -0.3232    0.0032    0.1180  -0.77461654
    0.5410   -0.4896   -0.3171    0.0036    0.1202  -0.77461654
    0.5448   -0.4908   -0.3103    0.0041    0.1225  -0.77461660
    0.5490   -0.4921   -0.3029    0.0046    0.1249  -0.77461654
    0.5536   -0.4934   -0.2947    0.0052    0.1276  -0.77461654
    0.5587   -0.4949   -0.2856    0.0059    0.1303  -0.77461660
    0.5642   -0.4965   -0.2757    0.0066    0.1333  -0.77461654
    0.5704   -0.4982   -0.2647    0.0074    0.1364  -0.77461660
    0.5773   -0.4999   -0.2526    0.0084    0.1397  -0.77461660
    0.5849   -0.5018   -0.2390    0.0095    0.1431  -0.77461660
    0.5935   -0.5038   -0.2239    0.0107    0.1466  -0.77461660
    0.6033   -0.5059   -0.2066    0.0121    0.1502  -0.77461660
    0.6140   -0.5080   -0.1878    0.0138    0.1538  -0.77461672
    0.6256   -0.5101   -0.1674    0.0156    0.1570  -0.77461672
    0.6383   -0.5121   -0.1452    0.0176    0.1600  -0.77461666
    0.6519   -0.5139   -0.1213    0.0198    0.1623  -0.77461666
    0.6662   -0.5154   -0.0964    0.0221    0.1640  -0.77461672
    0.6802   -0.5166   -0.0721    0.0244    0.1648  -0.77461672
    0.6950   -0.5175   -0.0464    0.0269    0.1647  -0.77461672
    0.7073   -0.5179   -0.0252    0.0289    0.1640  -0.77461672
    0.7154   -0.5181   -0.0113    0.0302    0.1631  -0.77461678
    0.7202   -0.5181   -0.0030    0.0310    0.1625  -0.77461678
    0.7224   -0.5181    0.0007    0.0313    0.1622  -0.77461672
    0.7231   -0.5181    0.0019    0.0315    0.1621  -0.77461678
    0.7237   -0.5181    0.0030    0.0316    0.1620  -0.77461678
    0.7243   -0.5181    0.0040    0.0316    0.1619  -0.77461684
    0.7248   -0.5181    0.0050    0.0317    0.1618  -0.77461678
    0.7254   -0.5181    0.0059    0.0318    0.1617  -0.77461684
    0.7259   -0.5181    0.0069    0.0319    0.1616  -0.77461678
    0.7265   -0.5181    0.0079    0.0320    0.1615  -0.77461678
    0.7271   -0.5181    0.0089    0.0321    0.1614  -0.77461678
    0.7278   -0.5181    0.0101    0.0322    0.1613  -0.77461684
    0.7286   -0.5181    0.0114    0.0323    0.1611  -0.77461672
    0.7294   -0.5181    0.0128    0.0325    0.1610  -0.77461684
    0.7303   -0.5180    0.0144    0.0326    0.1608  -0.77461684
    0.7314   -0.5180    0.0162    0.0328    0.1606  -0.77461684
    0.7326   -0.5180    0.0183    0.0330    0.1604  -0.77461690
    0.7338   -0.5180    0.0204    0.0332    0.1602  -0.77461684
    0.7352   -0.5180    0.0227    0.0334    0.1599  -0.77461684
    0.7367   -0.5179    0.0254    0.0337    0.1596  -0.77461690
    0.7384   -0.5179    0.0282    0.0339    0.1592  -0.77461696
    0.7402   -0.5178    0.0314    0.0342    0.1588  -0.77461696
    0.7424   -0.5178    0.0350    0.0345    0.1583  -0.77461696
    0.7446   -0.5177    0.0389    0.0349    0.1578  -0.77461696
    0.7471   -0.5176    0.0431    0.0353    0.1571  -0.77461690
    0.7498   -0.5174    0.0478    0.0357    0.1564  -0.77461696
    0.7529   -0.5173    0.0531    0.0362    0.1556  -0.77461696
    0.7565   -0.5171    0.0592    0.0368    0.1546  -0.77461696
    0.7603   -0.5168    0.0657    0.0373    0.1534  -0.77461702
    0.7646   -0.5165    0.0730    0.0380    0.1520  -0.77461696
    0.7696   -0.5162    0.0815    0.0388    0.1503  -0.77461696
    0.7750   -0.5157    0.0907    0.0396    0.1484  -0.77461708
    0.7812   -0.5151    0.1011    0.0405    0.1460  -0.77461702
    0.7886   -0.5143    0.1137    0.0415    0.1430  -0.77461708
    0.7967   -0.5133    0.1273    0.0427    0.1394  -0.77461708
    0.8057   -0.5121    0.1426    0.0439    0.1350  -0.77461708
    0.8157   -0.5106    0.1592    0.0452    0.1299  -0.77461702
    0.8263   -0.5088    0.1770    0.0466    0.1239  -0.77461702
    0.8377   -0.5067    0.1961    0.0480    0.1169  -0.77461702
    0.8512   -0.5039    0.2186    0.0495    0.1080  -0.77461708
    0.8657   -0.5005    0.2426    0.0510    0.0977  -0.77461708
    0.8821   -0.4964    0.2696    0.0525    0.0849  -0.77461708
    0.8999   -0.4913    0.2989    0.0539    0.0698  -0.77461702
    0.9186   -0.4854    0.3294    0.0550    0.0526  -0.77461708
    0.9369   -0.4791    0.3593    0.0558    0.0343  -0.77461702
    0.9486   -0.4748    0.3783    0.0561    0.0219  -0.77461702
    0.9600   -0.4704    0.3968    0.0563    0.0093  -0.77461708
    0.9650   -0.4684    0.4048    0.0563    0.0037  -0.77461702
    0.9679   -0.4672    0.4094    0.0563    0.0004  -0.77461702
    0.9687   -0.4669    0.4108    0.0563   -0.0005  -0.77461708
    0.9694   -0.4666    0.4119    0.0563   -0.0014  -0.77461708
    0.9700   -0.4663    0.4129    0.0563   -0.0021  -0.77461708
    0.9707   -0.4661    0.4140    0.0563   -0.0028  -0.77461708
    0.9714   -0.4658    0.4151    0.0563   -0.0037  -0.77461708
    0.9722   -0.4654    0.4165    0.0563   -0.0046  -0.77461708
    0.9732   -0.4650    0.4181    0.0563   -0.0058  -0.77461702
    0.9738   -0.4648    0.4190    0.0563   -0.0065  -0.77461702
    0.9745   -0.4645    0.4202    0.0563   -0.0073  -0.77461702
    0.9753   -0.4641    0.4214    0.0563   -0.0082  -0.77461708
    0.9761   -0.4638    0.4227    0.0563   -0.0092  -0.77461708
    0.9770   -0.4634    0.4242    0.0563   -0.0103  -0.77461708
    0.9781   -0.4630    0.4259    0.0563   -0.0116  -0.77461708
    0.9792   -0.4625    0.4278    0.0563   -0.0130  -0.77461714
    0.9806   -0.4619    0.4300    0.0563   -0.0146  -0.77461708
    0.9821   -0.4612    0.4325    0.0562   -0.0164  -0.77461708
    0.9838   -0.4605    0.4353    0.0562   -0.0185  -0.77461708
    0.9857   -0.4596    0.4383    0.0562   -0.0209  -0.77461708
    0.9878   -0.4587    0.4417    0.0561   -0.0234  -0.77461708
    0.9901   -0.4577    0.4454    0.0561   -0.0263  -0.77461708
    0.9926   -0.4566    0.4495    0.0560   -0.0294  -0.77461708
    0.9954   -0.4554    0.4539    0.0559   -0.0328  -0.77461708
    0.9983   -0.4540    0.4586    0.0558   -0.0365  -0.77461714
    1.0015   -0.4525    0.4639    0.0557   -0.0407  -0.77461714
    1.0051   -0.4508    0.4697    0.0555   -0.0453  -0.77461714
    1.0092   -0.4489    0.4762    0.0553   -0.0506  -0.77461720
    1.0136   -0.4468    0.4833    0.0551   -0.0564  -0.77461714
    1.0186   -0.4444    0.4914    0.0548   -0.0631  -0.77461708
    1.0241   -0.4417    0.5003    0.0544   -0.0706  -0.77461714
    1.0302   -0.4386    0.5102    0.0540   -0.0791  -0.77461708
    1.0369   -0.4351    0.5211    0.0534   -0.0885  -0.77461708
    1.0447   -0.4310    0.5338    0.0527   -0.0996  -0.77461708
    1.0532   -0.4264    0.5476    0.0518   -0.1121  -0.77461702
    1.0625   -0.4212    0.5629    0.0507   -0.1260  -0.77461708
    1.0727   -0.4154    0.5795    0.0493   -0.1415  -0.77461708
    1.0835   -0.4090    0.5974    0.0477   -0.1585  -0.77461708
    1.0959   -0.4015    0.6180    0.0456   -0.1783  -0.77461708
    1.1100   -0.3927    0.6416    0.0429   -0.2014  -0.77461708
    1.1259   -0.3822    0.6688    0.0395   -0.2283  -0.77461708
    1.1435   -0.3702    0.6993    0.0352   -0.2588  -0.77461714
    1.1620   -0.3569    0.7324    0.0301   -0.2918  -0.77461720
    1.1800   -0.3435    0.7655    0.0246   -0.3243  -0.77461720
    1.1950   -0.3317    0.7942    0.0195   -0.3519  -0.77461720
    1.2092   -0.3203    0.8221    0.0143   -0.3781  -0.77461714
    1.2204   -0.3109    0.8450    0.0100   -0.3988  -0.77461720
    1.2297   -0.3030    0.8644    0.0062   -0.4157  -0.77461714
    1.2359   -0.2976    0.8778    0.0036   -0.4271  -0.77461725
    1.2407   -0.2933    0.8884    0.0015   -0.4358  -0.77461720
    1.2429   -0.2914    0.8932    0.0006   -0.4397  -0.77461725
    1.2438   -0.2906    0.8953    0.0001   -0.4414  -0.77461720
    1.2443   -0.2901    0.8964   -0.0001   -0.4423  -0.77461708
    1.2449   -0.2897    0.8976   -0.0003   -0.4432  -0.77461725
    1.2454   -0.2891    0.8989   -0.0006   -0.4443  -0.77461731
    1.2460   -0.2887    0.9001   -0.0008   -0.4452  -0.77461731
    1.2467   -0.2880    0.9017   -0.0011   -0.4465  -0.77461731
    1.2473   -0.2874    0.9031   -0.0014   -0.4476  -0.77461720
    1.2481   -0.2867    0.9049   -0.0018   -0.4490  -0.77461731
    1.2491   -0.2859    0.9071   -0.0022   -0.4507  -0.77461725
    1.2496   -0.2853    0.9084   -0.0024   -0.4517  -0.77461731
    1.2503   -0.2847    0.9099   -0.0027   -0.4529  -0.77461743
    1.2510   -0.2841    0.9115   -0.0031   -0.4542  -0.77461743
    1.2518   -0.2833    0.9134   -0.0034   -0.4556  -0.77461731
    1.2527   -0.2825    0.9155   -0.0038   -0.4572  -0.77461731
    1.2537   -0.2816    0.9178   -0.0043   -0.4589  -0.77461731
    1.2548   -0.2806    0.9203   -0.0048   -0.4609  -0.77461731
    1.2561   -0.2795    0.9232   -0.0054   -0.4630  -0.77461743
    1.2574   -0.2782    0.9263   -0.0060   -0.4654  -0.77461720
    1.2589   -0.2769    0.9297   -0.0067   -0.4679  -0.77461731
    1.2605   -0.2753    0.9337   -0.0075   -0.4708  -0.77461725
    1.2624   -0.2736    0.9381   -0.0084   -0.4740  -0.77461725
    1.2645   -0.2716    0.9432   -0.0094   -0.4776  -0.77461731
    1.2669   -0.2693    0.9489   -0.0105   -0.4816  -0.77461720
    1.2695   -0.2668    0.9553   -0.0118   -0.4860  -0.77461725
    1.2725   -0.2640    0.9626   -0.0132   -0.4909  -0.77461725
    1.2758   -0.2608    0.9709   -0.0148   -0.4963  -0.77461725
    1.2794   -0.2573    0.9800   -0.0167   -0.5021  -0.77461720
    1.2834   -0.2533    0.9903   -0.0187   -0.5084  -0.77461714
    1.2878   -0.2489    1.0018   -0.0209   -0.5152  -0.77461720
    1.2926   -0.2441    1.0146   -0.0234   -0.5223  -0.77461714
    1.2979   -0.2386    1.0291   -0.0262   -0.5299  -0.77461731
    1.3039   -0.2325    1.0457   -0.0294   -0.5379  -0.77461714
    1.3104   -0.2256    1.0643   -0.0329   -0.5461  -0.77461714
    1.3176   -0.2179    1.0854   -0.0369   -0.5542  -0.77461708
    1.3253   -0.2094    1.1089   -0.0412   -0.5618  -0.77461708
    1.3337   -0.1999    1.1354   -0.0460   -0.5686  -0.77461720
    1.3430   -0.1893    1.1653   -0.0512   -0.5737  -0.77461702
    1.3526   -0.1779    1.1977   -0.0568   -0.5763  -0.77461708
    1.3627   -0.1657    1.2325   -0.0626   -0.5752  -0.77461714
    1.3738   -0.1517    1.2717   -0.0690   -0.5690  -0.77461714
    1.3852   -0.1370    1.3122   -0.0754   -0.5562  -0.77461708
    1.3958   -0.1229    1.3495   -0.0812   -0.5378  -0.77461720
    1.4059   -0.1091    1.3839   -0.0865   -0.5141  -0.77461720
    1.4159   -0.0951    1.4158   -0.0915   -0.4844  -0.77461720
    1.4262   -0.0804    1.4455   -0.0963   -0.4475  -0.77461720
    1.4367   -0.0651    1.4715   -0.1008   -0.4035  -0.77461731
    1.4462   -0.0510    1.4903   -0.1044   -0.3593  -0.77461720
    1.4545   -0.0386    1.5025   -0.1072   -0.3179  -0.77461708
    1.4627   -0.0262    1.5105   -0.1096   -0.2750  -0.77461720
    1.4705   -0.0145    1.5141   -0.1116   -0.2337  -0.77461720
    1.4753   -0.0072    1.5144   -0.1127   -0.2079  -0.77461720
    1.4781   -0.0029    1.5140   -0.1132   -0.1931  -0.77461696
    1.4796   -0.0007    1.5135   -0.1135   -0.1853  -0.77461708
    1.4801    0.0002    1.5133   -0.1136   -0.1823  -0.77461720
    1.4808    0.0011    1.5131   -0.1137   -0.1790  -0.77461731
    1.4813    0.0019    1.5128   -0.1138   -0.1760  -0.77461743
    1.4819    0.0028    1.5126   -0.1139   -0.1730  -0.77461743
    1.4827    0.0040    1.5122   -0.1141   -0.1689  -0.77461767
    1.4834    0.0050    1.5118   -0.1142   -0.1653  -0.77461755
    1.4842    0.0064    1.5113   -0.1143   -0.1607  -0.77461779
    1.4848    0.0072    1.5110   -0.1144   -0.1579  -0.77461767
    1.4854    0.0080    1.5106   -0.1145   -0.1549  -0.77461767
    1.4860    0.0090    1.5101   -0.1146   -0.1515  -0.77461767
    1.4867    0.0101    1.5096   -0.1147   -0.1477  -0.77461755
    1.4876    0.0114    1.5090   -0.1148   -0.1435  -0.77461755
    1.4885    0.0127    1.5082   -0.1150   -0.1388  -0.77461755
    1.4895    0.0143    1.5073   -0.1151   -0.1335  -0.77461755
    1.4907    0.0160    1.5062   -0.1153   -0.1276  -0.77461767
    1.4920    0.0180    1.5049   -0.1154   -0.1209  -0.77461779
    1.4935    0.0203    1.5033   -0.1156   -0.1134  -0.77461755
    1.4952    0.0228    1.5013   -0.1158   -0.1049  -0.77461767
    1.4970    0.0256    1.4990   -0.1160   -0.0959  -0.77461755
    1.4990    0.0286    1.4962   -0.1161   -0.0859  -0.77461755
    1.5013    0.0320    1.4930   -0.1163   -0.0751  -0.77461767
    1.5038    0.0357    1.4891   -0.1165   -0.0633  -0.77461779
    1.5064    0.0396    1.4847   -0.1167   -0.0512  -0.77461767
    1.5092    0.0437    1.4797   -0.1168   -0.0384  -0.77461803
    1.5119    0.0477    1.4746   -0.1169   -0.0265  -0.77461791
    1.5143    0.0513    1.4697   -0.1169   -0.0159  -0.77461791
    1.5166    0.0546    1.4650   -0.1169   -0.0064  -0.77461767
    1.5177    0.0562    1.4627   -0.1169   -0.0018  -0.77461767
    1.5182    0.0570    1.4616   -0.1169    0.0003  -0.77461755
    1.5188    0.0578    1.4603   -0.1169    0.0027  -0.77461755
    1.5193    0.0586    1.4592   -0.1169    0.0048  -0.77461767
    1.5198    0.0593    1.4581   -0.1169    0.0068  -0.77461767
    1.5204    0.0602    1.4566   -0.1169    0.0095  -0.77461791
    1.5210    0.0610    1.4554   -0.1169    0.0117  -0.77461791
    1.5217    0.0620    1.4538   -0.1169    0.0144  -0.77461791
    1.5225    0.0633    1.4519   -0.1169    0.0177  -0.77461779
    1.5235    0.0648    1.4495   -0.1169    0.0218  -0.77461791
    1.5241    0.0656    1.4480   -0.1169    0.0241  -0.77461767
    1.5248    0.0666    1.4465   -0.1169    0.0267  -0.77461767
    1.5255    0.0677    1.4447   -0.1168    0.0295  -0.77461779
    1.5264    0.0689    1.4427   -0.1168    0.0326  -0.77461767
    1.5273    0.0702    1.4405   -0.1168    0.0360  -0.77461779
    1.5283    0.0716    1.4381   -0.1167    0.0397  -0.77461755
    1.5294    0.0732    1.4353   -0.1167    0.0437  -0.77461767
    1.5307    0.0750    1.4321   -0.1166    0.0484  -0.77461767
    1.5321    0.0771    1.4284   -0.1166    0.0535  -0.77461779
    1.5338    0.0795    1.4241   -0.1165    0.0593  -0.77461803
    1.5356    0.0821    1.4192   -0.1164    0.0657  -0.77461785
    1.5377    0.0850    1.4138   -0.1162    0.0724  -0.77461785
    1.5402    0.0886    1.4070   -0.1160    0.0805  -0.77461785
    1.5431    0.0927    1.3990   -0.1158    0.0895  -0.77461791
    1.5465    0.0974    1.3894   -0.1154    0.0997  -0.77461803
    1.5504    0.1027    1.3785   -0.1150    0.1104  -0.77461803
    1.5549    0.1090    1.3653   -0.1145    0.1223  -0.77461803
    1.5598    0.1157    1.3508   -0.1139    0.1343  -0.77461803
    1.5656    0.1234    1.3336   -0.1131    0.1471  -0.77461809
    1.5726    0.1326    1.3126   -0.1120    0.1610  -0.77461803
    1.5808    0.1434    1.2875   -0.1106    0.1751  -0.77461803
    1.5906    0.1558    1.2579   -0.1088    0.1890  -0.77461821
    1.6016    0.1694    1.2247   -0.1067    0.2012  -0.77461803
    1.6138    0.1842    1.1882   -0.1041    0.2111  -0.77461815
    1.6275    0.2002    1.1484   -0.1012    0.2182  -0.77461809
    1.6424    0.2170    1.1061   -0.0979    0.2218  -0.77461797
    1.6589    0.2348    1.0611   -0.0943    0.2218  -0.77461797
    1.6760    0.2526    1.0161   -0.0905    0.2183  -0.77461803
    1.6934    0.2699    0.9724   -0.0868    0.2117  -0.77461803
    1.7114    0.2870    0.9291   -0.0830    0.2026  -0.77461803
    1.7299    0.3038    0.8862   -0.0794    0.1914  -0.77461803
    1.7492    0.3204    0.8436   -0.0758    0.1782  -0.77461803
    1.7693    0.3370    0.8009   -0.0724    0.1635  -0.77461803
    1.7902    0.3533    0.7582   -0.0691    0.1475  -0.77461803
    1.8120    0.3693    0.7152   -0.0661    0.1305  -0.77461809
    1.8349    0.3852    0.6717   -0.0633    0.1127  -0.77461809
    1.8591    0.4010    0.6273   -0.0608    0.0943  -0.77461809
    1.8847    0.4164    0.5819   -0.0586    0.0756  -0.77461809
    1.9120    0.4316    0.5348   -0.0568    0.0568  -0.77461809
    1.9411    0.4465    0.4860   -0.0554    0.0383  -0.77461815
    1.9730    0.4612    0.4339   -0.0545    0.0202  -0.77461809
    2.0084    0.4755    0.3776   -0.0541    0.0029  -0.77461809
    2.0226    0.4807    0.3553   -0.0541   -0.0032  -0.77461809
    2.0291    0.4830    0.3453   -0.0541   -0.0058  -0.77461809
    2.0350    0.4850    0.3361   -0.0542   -0.0080  -0.77461809
    2.0405    0.4869    0.3275   -0.0542   -0.0101  -0.77461815
    2.0460    0.4886    0.3192   -0.0543   -0.0120  -0.77461815
    2.0520    0.4905    0.3099   -0.0544   -0.0140  -0.77461815
    2.0591    0.4927    0.2992   -0.0545   -0.0163  -0.77461815
    2.0665    0.4948    0.2878   -0.0546   -0.0185  -0.77461809
    2.0747    0.4971    0.2754   -0.0548   -0.0208  -0.77461809
    2.0837    0.4996    0.2619   -0.0550   -0.0231  -0.77461809
    2.0938    0.5021    0.2467   -0.0552   -0.0254  -0.77461809
    2.1066    0.5052    0.2276   -0.0556   -0.0279  -0.77461809
    2.1203    0.5081    0.2073   -0.0560   -0.0301  -0.77461803
    2.1359    0.5112    0.1844   -0.0564   -0.0319  -0.77461809
    2.1531    0.5142    0.1592   -0.0570   -0.0331  -0.77461803
    2.1718    0.5169    0.1322   -0.0576   -0.0335  -0.77461797
    2.1902    0.5191    0.1058   -0.0582   -0.0328  -0.77461803
    2.2091    0.5208    0.0789   -0.0588   -0.0312  -0.77461803
    2.2271    0.5220    0.0534   -0.0594   -0.0287  -0.77461803
    2.2401    0.5226    0.0353   -0.0597   -0.0263  -0.77461803
    2.2518    0.5229    0.0189   -0.0600   -0.0237  -0.77461803
    2.2586    0.5230    0.0094   -0.0602   -0.0220  -0.77461809
    2.2637    0.5230    0.0024   -0.0603   -0.0207  -0.77461809
    2.2655    0.5230   -0.0001   -0.0603   -0.0202  -0.77461809
    2.2660    0.5230   -0.0009   -0.0603   -0.0200  -0.77461803
    2.2668    0.5230   -0.0019   -0.0604   -0.0198  -0.77461803
    2.2674    0.5230   -0.0028   -0.0604   -0.0196  -0.77461797
    2.2682    0.5230   -0.0039   -0.0604   -0.0194  -0.77461803
    2.2690    0.5230   -0.0050   -0.0604   -0.0192  -0.77461803
    2.2700    0.5230   -0.0064   -0.0604   -0.0189  -0.77461791
    2.2707    0.5230   -0.0073   -0.0604   -0.0187  -0.77461791
    2.2714    0.5230   -0.0082   -0.0604   -0.0185  -0.77461791
    2.2722    0.5230   -0.0093   -0.0605   -0.0183  -0.77461791
    2.2731    0.5230   -0.0106   -0.0605   -0.0180  -0.77461791
    2.2742    0.5230   -0.0121   -0.0605   -0.0177  -0.77461791
    2.2753    0.5230   -0.0137   -0.0605   -0.0173  -0.77461791
    2.2765    0.5229   -0.0154   -0.0605   -0.0169  -0.77461791
    2.2779    0.5229   -0.0172   -0.0606   -0.0165  -0.77461797
    2.2795    0.5229   -0.0194   -0.0606   -0.0160  -0.77461791
    2.2812    0.5229   -0.0218   -0.0606   -0.0155  -0.77461791
    2.2830    0.5228   -0.0243   -0.0606   -0.0149  -0.77461797
    2.2851    0.5228   -0.0271   -0.0607   -0.0142  -0.77461797
    2.2873    0.5227   -0.0302   -0.0607   -0.0134  -0.77461791
    2.2900    0.5226   -0.0338   -0.0607   -0.0125  -0.77461797
    2.2929    0.5225   -0.0379   -0.0608   -0.0115  -0.77461803
    2.2962    0.5224   -0.0423   -0.0608   -0.0103  -0.77461797
    2.3000    0.5222   -0.0476   -0.0608   -0.0089  -0.77461803
    2.3042    0.5220   -0.0532   -0.0609   -0.0073  -0.77461803
    2.3086    0.5217   -0.0592   -0.0609   -0.0056  -0.77461803
    2.3131    0.5215   -0.0653   -0.0609   -0.0038  -0.77461809
    2.3167    0.5212   -0.0703   -0.0609   -0.0023  -0.77461815
    2.3201    0.5210   -0.0749   -0.0609   -0.0008  -0.77461803
    2.3216    0.5209   -0.0770   -0.0609   -0.0002  -0.77461809
    2.3222    0.5208   -0.0777   -0.0609    0.0001  -0.77461803
    2.3227    0.5208   -0.0784   -0.0609    0.0003  -0.77461809
    2.3234    0.5207   -0.0793   -0.0609    0.0006  -0.77461815
    2.3240    0.5207   -0.0802   -0.0609    0.0009  -0.77461803
    2.3246    0.5206   -0.0810   -0.0609    0.0012  -0.77461803
    2.3254    0.5206   -0.0821   -0.0609    0.0015  -0.77461803
    2.3264    0.5205   -0.0834   -0.0609    0.0019  -0.77461803
    2.3269    0.5204   -0.0841   -0.0609    0.0022  -0.77461797
    2.3275    0.5204   -0.0849   -0.0609    0.0025  -0.77461803
    2.3282    0.5203   -0.0858   -0.0609    0.0028  -0.77461797
    2.3290    0.5203   -0.0869   -0.0609    0.0031  -0.77461797
    2.3298    0.5202   -0.0880   -0.0609    0.0035  -0.77461791
    2.3308    0.5201   -0.0893   -0.0609    0.0040  -0.77461791
    2.3319    0.5200   -0.0908   -0.0609    0.0044  -0.77461791
    2.3331    0.5199   -0.0924   -0.0609    0.0050  -0.77461797
    2.3344    0.5198   -0.0943   -0.0609    0.0057  -0.77461791
    2.3361    0.5196   -0.0964   -0.0609    0.0064  -0.77461791
    2.3379    0.5194   -0.0989   -0.0609    0.0073  -0.77461797
    2.3399    0.5192   -0.1016   -0.0609    0.0083  -0.77461803
    2.3422    0.5190   -0.1047   -0.0609    0.0094  -0.77461803
    2.3446    0.5187   -0.1079   -0.0608    0.0106  -0.77461803
    2.3473    0.5184   -0.1116   -0.0608    0.0120  -0.77461803
    2.3503    0.5181   -0.1155   -0.0608    0.0135  -0.77461809
    2.3535    0.5177   -0.1198   -0.0607    0.0151  -0.77461809
    2.3571    0.5173   -0.1246   -0.0607    0.0170  -0.77461803
    2.3610    0.5168   -0.1298   -0.0606    0.0191  -0.77461803
    2.3654    0.5162   -0.1356   -0.0605    0.0215  -0.77461809
    2.3700    0.5156   -0.1419   -0.0604    0.0242  -0.77461803
    2.3753    0.5148   -0.1489   -0.0603    0.0272  -0.77461815
    2.3814    0.5139   -0.1569   -0.0601    0.0308  -0.77461809
    2.3884    0.5127   -0.1662   -0.0598    0.0351  -0.77461815
    2.3959    0.5114   -0.1761   -0.0596    0.0398  -0.77461815
    2.4044    0.5099   -0.1873   -0.0592    0.0454  -0.77461809
    2.4139    0.5081   -0.1997   -0.0587    0.0518  -0.77461815
    2.4245    0.5059   -0.2135   -0.0582    0.0592  -0.77461803
    2.4355    0.5034   -0.2280   -0.0575    0.0673  -0.77461809
    2.4475    0.5006   -0.2435   -0.0566    0.0764  -0.77461803
    2.4608    0.4973   -0.2607   -0.0555    0.0869  -0.77461803
    2.4761    0.4931   -0.2806   -0.0541    0.0996  -0.77461803
    2.4923    0.4884   -0.3014   -0.0524    0.1136  -0.77461803
    2.5100    0.4829   -0.3242   -0.0502    0.1296  -0.77461803
    2.5295    0.4763   -0.3494   -0.0475    0.1482  -0.77461809
    2.5498    0.4689   -0.3755   -0.0443    0.1684  -0.77461803
    2.5722    0.4602   -0.4044   -0.0403    0.1917  -0.77461803
    2.5965    0.4500   -0.4360   -0.0353    0.2180  -0.77461803
    2.6216    0.4386   -0.4690   -0.0295    0.2462  -0.77461803
    2.6460    0.4268   -0.5014   -0.0231    0.2745  -0.77461809
    2.6683    0.4153   -0.5318   -0.0167    0.3011  -0.77461803
    2.6858    0.4057   -0.5560   -0.0112    0.3221  -0.77461803
    2.6980    0.3989   -0.5732   -0.0072    0.3368  -0.77461797
    2.7067    0.3938   -0.5856   -0.0042    0.3474  -0.77461797
    2.7126    0.3904   -0.5940   -0.0022    0.3544  -0.77461797
    2.7163    0.3881   -0.5995   -0.0009    0.3589  -0.77461791
    2.7178    0.3873   -0.6016   -0.0003    0.3607  -0.77461797
    2.7185    0.3868   -0.6026   -0.0001    0.3616  -0.77461791
    2.7190    0.3865   -0.6034    0.0001    0.3622  -0.77461791
    2.7195    0.3862   -0.6041    0.0003    0.3628  -0.77461797
    2.7201    0.3859   -0.6050    0.0005    0.3635  -0.77461803
    2.7207    0.3855   -0.6059    0.0007    0.3643  -0.77461797
    2.7213    0.3852   -0.6067    0.0009    0.3649  -0.77461809
    2.7219    0.3848   -0.6076    0.0012    0.3657  -0.77461815
    2.7227    0.3843   -0.6088    0.0015    0.3667  -0.77461809
    2.7237    0.3837   -0.6103    0.0018    0.3679  -0.77461809
    2.7243    0.3833   -0.6112    0.0021    0.3686  -0.77461815
    2.7250    0.3829   -0.6122    0.0023    0.3694  -0.77461815
    2.7257    0.3824   -0.6133    0.0026    0.3703  -0.77461815
    2.7266    0.3819   -0.6145    0.0029    0.3713  -0.77461815
    2.7275    0.3813   -0.6159    0.0033    0.3724  -0.77461815
    2.7286    0.3807   -0.6175    0.0036    0.3737  -0.77461809
    2.7297    0.3800   -0.6192    0.0041    0.3751  -0.77461815
    2.7310    0.3792   -0.6211    0.0046    0.3766  -0.77461815
    2.7324    0.3783   -0.6232    0.0051    0.3783  -0.77461815
    2.7341    0.3773   -0.6256    0.0057    0.3803  -0.77461815
    2.7358    0.3762   -0.6283    0.0064    0.3824  -0.77461815
    2.7378    0.3749   -0.6312    0.0071    0.3847  -0.77461809
    2.7400    0.3735   -0.6346    0.0080    0.3874  -0.77461815
    2.7425    0.3719   -0.6383    0.0090    0.3903  -0.77461809
    2.7453    0.3702   -0.6426    0.0100    0.3936  -0.77461809
    2.7484    0.3682   -0.6473    0.0113    0.3973  -0.77461809
    2.7519    0.3659   -0.6527    0.0127    0.4014  -0.77461809
    2.7557    0.3634   -0.6586    0.0142    0.4059  -0.77461803
    2.7601    0.3605   -0.6655    0.0160    0.4110  -0.77461803
    2.7649    0.3573   -0.6729    0.0180    0.4164  -0.77461803
    2.7700    0.3538   -0.6811    0.0201    0.4223  -0.77461797
    2.7758    0.3499   -0.6903    0.0226    0.4288  -0.77461803
    2.7822    0.3454   -0.7008    0.0254    0.4359  -0.77461803
    2.7893    0.3404   -0.7124    0.0285    0.4436  -0.77461815
    2.7972    0.3347   -0.7257    0.0321    0.4521  -0.77461803
    2.8062    0.3281   -0.7409    0.0362    0.4613  -0.77461803
    2.8163    0.3205   -0.7585    0.0409    0.4712  -0.77461803
    2.8272    0.3121   -0.7778    0.0460    0.4813  -0.77461803
    2.8392    0.3026   -0.7997    0.0519    0.4916  -0.77461803
    2.8523    0.2920   -0.8242    0.0584    0.5015  -0.77461815
    2.8663    0.2803   -0.8511    0.0655    0.5106  -0.77461797
    2.8815    0.2671   -0.8812    0.0733    0.5182  -0.77461803
    2.8977    0.2526   -0.9142    0.0817    0.5233  -0.77461797
    2.9146    0.2369   -0.9494    0.0906    0.5248  -0.77461797
    2.9324    0.2196   -0.9872    0.0999    0.5215  -0.77461797
    2.9503    0.2017   -1.0251    0.1092    0.5125  -0.77461803
    2.9670    0.1842   -1.0605    0.1177    0.4984  -0.77461815
    2.9837    0.1662   -1.0946    0.1258    0.4784  -0.77461797
    3.0009    0.1471   -1.1279    0.1338    0.4515  -0.77461809
    3.0181    0.1274   -1.1584    0.1413    0.4182  -0.77461815
    3.0354    0.1071   -1.1852    0.1482    0.3788  -0.77461809
    3.0526    0.0866   -1.2074    0.1543    0.3345  -0.77461821
    3.0672    0.0689   -1.2221    0.1589    0.2935  -0.77461803
    3.0813    0.0515   -1.2324    0.1628    0.2515  -0.77461809
    3.0946    0.0351   -1.2385    0.1658    0.2108  -0.77461803
    3.1065    0.0203   -1.2409    0.1681    0.1735  -0.77461791
    3.1129    0.0124   -1.2410    0.1692    0.1535  -0.77461797
    3.1175    0.0067   -1.2405    0.1699    0.1392  -0.77461797
    3.1205    0.0029   -1.2400    0.1703    0.1298  -0.77461779
    3.1221    0.0009   -1.2397    0.1705    0.1248  -0.77461785
    3.1228    0.0001   -1.2395    0.1706    0.1226  -0.77461791
    3.1234   -0.0006   -1.2394    0.1706    0.1209  -0.77461779
    3.1239   -0.0013   -1.2392    0.1707    0.1193  -0.77461767
    3.1245   -0.0020   -1.2391    0.1708    0.1174  -0.77461773
    3.1252   -0.0029   -1.2389    0.1708    0.1153  -0.77461791
    3.1258   -0.0036   -1.2387    0.1709    0.1136  -0.77461803
    3.1265   -0.0045   -1.2385    0.1710    0.1113  -0.77461803
    3.1274   -0.0056   -1.2382    0.1711    0.1084  -0.77461791
    3.1280   -0.0063   -1.2380    0.1711    0.1067  -0.77461785
    3.1286   -0.0071   -1.2378    0.1712    0.1049  -0.77461779
    3.1293   -0.0079   -1.2375    0.1713    0.1027  -0.77461785
    3.1300   -0.0089   -1.2372    0.1714    0.1004  -0.77461785
    3.1309   -0.0099   -1.2369    0.1714    0.0978  -0.77461791
    3.1318   -0.0111   -1.2365    0.1715    0.0950  -0.77461785
    3.1328   -0.0123   -1.2361    0.1716    0.0919  -0.77461785
    3.1339   -0.0137   -1.2356    0.1717    0.0885  -0.77461779
    3.1352   -0.0153   -1.2350    0.1718    0.0845  -0.77461773
    3.1367   -0.0171   -1.2343    0.1720    0.0801  -0.77461791
    3.1383   -0.0191   -1.2334    0.1721    0.0751  -0.77461773
    3.1402   -0.0214   -1.2324    0.1722    0.0696  -0.77461785
    3.1423   -0.0240   -1.2312    0.1724    0.0632  -0.77461797
    3.1447   -0.0269   -1.2297    0.1725    0.0562  -0.77461785
    3.1473   -0.0301   -1.2280    0.1726    0.0485  -0.77461785
    3.1501   -0.0336   -1.2259    0.1728    0.0401  -0.77461791
    3.1531   -0.0372   -1.2237    0.1729    0.0315  -0.77461773
    3.1559   -0.0407   -1.2214    0.1729    0.0233  -0.77461773
    3.1590   -0.0444   -1.2188    0.1730    0.0146  -0.77461773
    3.1622   -0.0484   -1.2158    0.1730    0.0054  -0.77461761
    3.1636   -0.0501   -1.2145    0.1730    0.0016  -0.77461755
    3.1641   -0.0507   -1.2140    0.1730    0.0001  -0.77461773
    3.1647   -0.0514   -1.2135    0.1730   -0.0014  -0.77461791
    3.1653   -0.0521   -1.2129    0.1730   -0.0030  -0.77461773
    3.1659   -0.0529   -1.2123    0.1730   -0.0048  -0.77461773
    3.1664   -0.0535   -1.2118    0.1730   -0.0062  -0.77461767
    3.1671   -0.0543   -1.2111    0.1730   -0.0080  -0.77461773
    3.1678   -0.0552   -1.2104    0.1730   -0.0100  -0.77461761
    3.1687   -0.0562   -1.2095    0.1730   -0.0124  -0.77461779
    3.1693   -0.0569   -1.2089    0.1730   -0.0140  -0.77461767
    3.1699   -0.0577   -1.2083    0.1730   -0.0157  -0.77461767
    3.1706   -0.0585   -1.2075    0.1730   -0.0176  -0.77461767
    3.1713   -0.0594   -1.2068    0.1730   -0.0196  -0.77461779
    3.1721   -0.0604   -1.2059    0.1730   -0.0217  -0.77461779
    3.1730   -0.0614   -1.2050    0.1729   -0.0240  -0.77461785
    3.1739   -0.0626   -1.2040    0.1729   -0.0265  -0.77461791
    3.1750   -0.0638   -1.2028    0.1729   -0.0293  -0.77461773
    3.1762   -0.0652   -1.2015    0.1728   -0.0325  -0.77461779
    3.1775   -0.0668   -1.2000    0.1728   -0.0359  -0.77461785
    3.1791   -0.0688   -1.1981    0.1727   -0.0401  -0.77461761
    3.1809   -0.0709   -1.1960    0.1727   -0.0447  -0.77461773
    3.1828   -0.0732   -1.1937    0.1726   -0.0496  -0.77461779
    3.1851   -0.0759   -1.1909    0.1725   -0.0554  -0.77461779
    3.1878   -0.0792   -1.1874    0.1723   -0.0623  -0.77461779
    3.1908   -0.0827   -1.1836    0.1721   -0.0696  -0.77461773
    3.1945   -0.0871   -1.1787    0.1718   -0.0786  -0.77461785
    3.1988   -0.0921   -1.1727    0.1715   -0.0887  -0.77461773
    3.2039   -0.0981   -1.1655    0.1710   -0.1004  -0.77461767
    3.2092   -0.1043   -1.1577    0.1704   -0.1121  -0.77461773
    3.2157   -0.1118   -1.1478    0.1696   -0.1259  -0.77461779
    3.2226   -0.1196   -1.1370    0.1687   -0.1398  -0.77461785
    3.2304   -0.1285   -1.1241    0.1676   -0.1549  -0.77461791
    3.2400   -0.1391   -1.1080    0.1660   -0.1719  -0.77461785
    3.2510   -0.1512   -1.0889    0.1640   -0.1899  -0.77461791
    3.2638   -0.1650   -1.0659    0.1615   -0.2086  -0.77461791
    3.2786   -0.1806   -1.0387    0.1582   -0.2274  -0.77461803
    3.2947   -0.1971   -1.0088    0.1544   -0.2445  -0.77461803
    3.3121   -0.2143   -0.9761    0.1500   -0.2594  -0.77461815
    3.3313   -0.2327   -0.9401    0.1449   -0.2719  -0.77461803
    3.3517   -0.2515   -0.9020    0.1393   -0.2812  -0.77461815
    3.3727   -0.2700   -0.8637    0.1333   -0.2869  -0.77461815
    3.3955   -0.2893   -0.8228    0.1267   -0.2894  -0.77461815
    3.4202   -0.3091   -0.7797    0.1196   -0.2884  -0.77461821
    3.4456   -0.3283   -0.7368    0.1123   -0.2843  -0.77461815
    3.4711   -0.3466   -0.6952    0.1051   -0.2775  -0.77461821
    3.4969   -0.3640   -0.6545    0.0981   -0.2686  -0.77461815
    3.5226   -0.3803   -0.6152    0.0913   -0.2583  -0.77461815
    3.5490   -0.3960   -0.5763    0.0847   -0.2468  -0.77461809
    3.5757   -0.4109   -0.5380    0.0782   -0.2344  -0.77461809
    3.6031   -0.4251   -0.4998    0.0720   -0.2213  -0.77461815
    3.6310   -0.4386   -0.4620    0.0660   -0.2080  -0.77461809
    3.6599   -0.4513   -0.4239    0.0602   -0.1944  -0.77461809
    3.6889   -0.4631   -0.3864    0.0547   -0.1814  -0.77461809
    3.7184   -0.4739   -0.3490    0.0496   -0.1688  -0.77461809
    3.7490   -0.4840   -0.3110    0.0446   -0.1569  -0.77461809
    3.7809   -0.4933   -0.2719    0.0398   -0.1456  -0.77461809
    3.8139   -0.5016   -0.2321    0.0351   -0.1354  -0.77461803
    3.8477   -0.5088   -0.1918    0.0307   -0.1267  -0.77461803
    3.8825   -0.5148   -0.1508    0.0264   -0.1197  -0.77461797
    3.9154   -0.5191   -0.1123    0.0226   -0.1149  -0.77461797
    3.9436   -0.5218   -0.0795    0.0194   -0.1123  -0.77461803
    3.9704   -0.5235   -0.0485    0.0164   -0.1111  -0.77461803
    3.9945   -0.5243   -0.0207    0.0137   -0.1111  -0.77461803
    4.0125   -0.5245    0.0000    0.0117   -0.1118  -0.77461797
    4.0171   -0.5245    0.0053    0.0112   -0.1121  -0.77461803
    4.0203   -0.5245    0.0090    0.0108   -0.1123  -0.77461797
    4.0232   -0.5245    0.0124    0.0105   -0.1125  -0.77461791
    4.0262   -0.5244    0.0158    0.0102   -0.1127  -0.77461785
    4.0291   -0.5244    0.0191    0.0098   -0.1130  -0.77461785
    4.0323   -0.5243    0.0228    0.0095   -0.1132  -0.77461791
    4.0356   -0.5242    0.0266    0.0091   -0.1136  -0.77461797
    4.0390   -0.5241    0.0305    0.0087   -0.1139  -0.77461791
    4.0429   -0.5240    0.0349    0.0083   -0.1143  -0.77461797
    4.0471   -0.5238    0.0398    0.0078   -0.1148  -0.77461791
    4.0517   -0.5236    0.0450    0.0073   -0.1153  -0.77461797
    4.0564   -0.5234    0.0505    0.0067   -0.1159  -0.77461791
    4.0613   -0.5232    0.0561    0.0062   -0.1166  -0.77461797
    4.0664   -0.5229    0.0619    0.0056   -0.1173  -0.77461791
    4.0720   -0.5225    0.0684    0.0049   -0.1182  -0.77461803
    4.0783   -0.5220    0.0756    0.0041   -0.1193  -0.77461797
    4.0850   -0.5215    0.0834    0.0033   -0.1204  -0.77461797
    4.0920   -0.5209    0.0914    0.0025   -0.1218  -0.77461803
    4.0987   -0.5203    0.0991    0.0017   -0.1231  -0.77461803
    4.1049   -0.5196    0.1062    0.0009   -0.1244  -0.77461803
    4.1085   -0.5192    0.1103    0.0005   -0.1252  -0.77461809
    4.1104   -0.5190    0.1125    0.0002   -0.1256  -0.77461809
    4.1114   -0.5189    0.1137    0.0001   -0.1258  -0.77461803
    4.1119   -0.5188    0.1143    0.0000   -0.1260  -0.77461803
    4.1125   -0.5188    0.1149   -0.0000   -0.1261  -0.77461809
    4.1130   -0.5187    0.1155   -0.0001   -0.1262  -0.77461809
    4.1136   -0.5187    0.1162   -0.0002   -0.1264  -0.77461827
    4.1142   -0.5186    0.1169   -0.0003   -0.1265  -0.77461833
    4.1147   -0.5185    0.1175   -0.0003   -0.1266  -0.77461839
    4.1153   -0.5184    0.1182   -0.0004   -0.1268  -0.77461833
    4.1161   -0.5184    0.1191   -0.0005   -0.1270  -0.77461833
    4.1171   -0.5182    0.1202   -0.0006   -0.1272  -0.77461833
    4.1177   -0.5182    0.1209   -0.0007   -0.1273  -0.77461833
    4.1184   -0.5181    0.1217   -0.0008   -0.1275  -0.77461839
    4.1191   -0.5180    0.1225   -0.0009   -0.1277  -0.77461839
    4.1199   -0.5179    0.1235   -0.0010   -0.1279  -0.77461833
    4.1208   -0.5178    0.1245   -0.0011   -0.1281  -0.77461833
    4.1218   -0.5177    0.1257   -0.0012   -0.1283  -0.77461839
    4.1230   -0.5175    0.1270   -0.0014   -0.1286  -0.77461833
    4.1242   -0.5173    0.1285   -0.0015   -0.1289  -0.77461839
    4.1257   -0.5172    0.1301   -0.0017   -0.1293  -0.77461833
    4.1272   -0.5170    0.1319   -0.0019   -0.1297  -0.77461833
    4.1289   -0.5167    0.1338   -0.0021   -0.1301  -0.77461839
    4.1308   -0.5165    0.1360   -0.0024   -0.1306  -0.77461839
    4.1329   -0.5162    0.1384   -0.0027   -0.1311  -0.77461833
    4.1352   -0.5159    0.1411   -0.0030   -0.1318  -0.77461833
    4.1379   -0.5155    0.1442   -0.0033   -0.1325  -0.77461839
    4.1409   -0.5150    0.1477   -0.0037   -0.1333  -0.77461827
    4.1443   -0.5145    0.1516   -0.0042   -0.1343  -0.77461833
    4.1482   -0.5139    0.1561   -0.0047   -0.1354  -0.77461827
    4.1525   -0.5133    0.1610   -0.0053   -0.1366  -0.77461833
    4.1574   -0.5124    0.1667   -0.0060   -0.1381  -0.77461839
    4.1629   -0.5115    0.1731   -0.0067   -0.1398  -0.77461833
    4.1690   -0.5104    0.1801   -0.0076   -0.1417  -0.77461827
    4.1759   -0.5092    0.1881   -0.0086   -0.1440  -0.77461833
    4.1834   -0.5077    0.1968   -0.0097   -0.1465  -0.77461833
    4.1915   -0.5061    0.2062   -0.0109   -0.1494  -0.77461833
    4.2005   -0.5042    0.2167   -0.0122   -0.1527  -0.77461833
    4.2107   -0.5019    0.2286   -0.0138   -0.1565  -0.77461833
    4.2221   -0.4992    0.2420   -0.0156   -0.1610  -0.77461839
    4.2344   -0.4962    0.2564   -0.0176   -0.1661  -0.77461839
    4.2480   -0.4926    0.2724   -0.0199   -0.1719  -0.77461839
    4.2628   -0.4884    0.2899   -0.0225   -0.1785  -0.77461839
    4.2791   -0.4835    0.3093   -0.0255   -0.1861  -0.77461839
    4.2968   -0.4779    0.3306   -0.0288   -0.1947  -0.77461839
    4.3165   -0.4711    0.3545   -0.0328   -0.2046  -0.77461833
    4.3373   -0.4635    0.3800   -0.0372   -0.2155  -0.77461839
    4.3591   -0.4549    0.4070   -0.0420   -0.2272  -0.77461845
    4.3818   -0.4453    0.4356   -0.0473   -0.2397  -0.77461851
    4.4058   -0.4345    0.4664   -0.0532   -0.2530  -0.77461845
    4.4309   -0.4224    0.4994   -0.0597   -0.2670  -0.77461839
    4.4564   -0.4092    0.5337   -0.0667   -0.2810  -0.77461845
    4.4818   -0.3953    0.5688   -0.0740   -0.2944  -0.77461839
    4.5067   -0.3806    0.6043   -0.0815   -0.3067  -0.77461845
    4.5314   -0.3653    0.6404   -0.0892   -0.3178  -0.77461845
    4.5564   -0.3488    0.6783   -0.0973   -0.3275  -0.77461851
    4.5814   -0.3313    0.7173   -0.1056   -0.3350  -0.77461851
    4.6064   -0.3129    0.7575   -0.1140   -0.3399  -0.77461857
    4.6313   -0.2935    0.7988   -0.1225   -0.3414  -0.77461851
    4.6568   -0.2726    0.8421   -0.1312   -0.3389  -0.77461863
    4.6814   -0.2514    0.8848   -0.1394   -0.3317  -0.77461857
    4.7039   -0.2310    0.9242   -0.1468   -0.3204  -0.77461863
    4.7256   -0.2105    0.9623   -0.1536   -0.3046  -0.77461851
    4.7468   -0.1898    0.9988   -0.1598   -0.2842  -0.77461869
    4.7666   -0.1696    1.0323   -0.1652   -0.2600  -0.77461863
    4.7864   -0.1489    1.0643   -0.1701   -0.2310  -0.77461874
    4.8054   -0.1284    1.0931   -0.1742   -0.1984  -0.77461869
    4.8242   -0.1077    1.1191   -0.1776   -0.1617  -0.77461880
    4.8423   -0.0872    1.1414   -0.1801   -0.1221  -0.77461874
    4.8599   -0.0669    1.1598   -0.1819   -0.0801  -0.77461880
    4.8699   -0.0552    1.1686   -0.1826   -0.0547  -0.77461880
    4.8776   -0.0462    1.1746   -0.1829   -0.0347  -0.77461880
    4.8842   -0.0385    1.1790   -0.1831   -0.0172  -0.77461886
    4.8875   -0.0346    1.1810   -0.1832   -0.0084  -0.77461880
    4.8893   -0.0325    1.1820   -0.1832   -0.0034  -0.77461886
    4.8903   -0.0312    1.1826   -0.1832   -0.0006  -0.77461874
    4.8908   -0.0306    1.1829   -0.1832    0.0008  -0.77461863
    4.8914   -0.0300    1.1832   -0.1832    0.0023  -0.77461869
    4.8920   -0.0293    1.1835   -0.1832    0.0039  -0.77461869
    4.8926   -0.0285    1.1838   -0.1832    0.0056  -0.77461857
    4.8931   -0.0279    1.1841   -0.1832    0.0071  -0.77461851
    4.8938   -0.0271    1.1844   -0.1832    0.0089  -0.77461839
    4.8946   -0.0261    1.1848   -0.1831    0.0112  -0.77461851
    4.8952   -0.0255    1.1851   -0.1831    0.0126  -0.77461845
    4.8957   -0.0248    1.1853   -0.1831    0.0142  -0.77461845
    4.8963   -0.0241    1.1856   -0.1831    0.0159  -0.77461839
    4.8970   -0.0233    1.1859   -0.1831    0.0178  -0.77461851
    4.8978   -0.0224    1.1863   -0.1831    0.0199  -0.77461845
    4.8987   -0.0213    1.1866   -0.1831    0.0225  -0.77461845
    4.8998   -0.0200    1.1871   -0.1831    0.0254  -0.77461845
    4.9010   -0.0186    1.1876   -0.1830    0.0287  -0.77461833
    4.9023   -0.0170    1.1881   -0.1830    0.0324  -0.77461839
    4.9038   -0.0153    1.1886   -0.1829    0.0366  -0.77461857
    4.9055   -0.0132    1.1891   -0.1829    0.0413  -0.77461839
    4.9074   -0.0110    1.1897   -0.1828    0.0466  -0.77461845
    4.9094   -0.0086    1.1903   -0.1827    0.0522  -0.77461827
    4.9113   -0.0063    1.1907   -0.1826    0.0577  -0.77461839
    4.9133   -0.0040    1.1911   -0.1825    0.0631  -0.77461839
    4.9148   -0.0021    1.1914   -0.1824    0.0676  -0.77461827
    4.9158   -0.0010    1.1916   -0.1823    0.0702  -0.77461833
    4.9163   -0.0004    1.1917   -0.1823    0.0717  -0.77461833
    4.9168    0.0002    1.1917   -0.1822    0.0731  -0.77461833
    4.9173    0.0009    1.1918   -0.1822    0.0747  -0.77461833
    4.9179    0.0015    1.1919   -0.1821    0.0762  -0.77461845
    4.9184    0.0021    1.1920   -0.1821    0.0777  -0.77461833
    4.9191    0.0030    1.1920   -0.1820    0.0797  -0.77461827
    4.9198    0.0038    1.1921   -0.1820    0.0816  -0.77461833
    4.9206    0.0048    1.1922   -0.1819    0.0839  -0.77461821
    4.9211    0.0054    1.1922   -0.1819    0.0853  -0.77461827
    4.9217    0.0060    1.1923   -0.1818    0.0869  -0.77461821
    4.9223    0.0068    1.1923   -0.1818    0.0886  -0.77461815
    4.9230    0.0076    1.1923   -0.1817    0.0906  -0.77461809
    4.9237    0.0085    1.1924   -0.1816    0.0927  -0.77461803
    4.9245    0.0095    1.1924   -0.1816    0.0951  -0.77461809
    4.9255    0.0106    1.1924   -0.1815    0.0978  -0.77461785
    4.9266    0.0119    1.1924   -0.1814    0.1008  -0.77461803
    4.9278    0.0133    1.1924   -0.1812    0.1043  -0.77461797
    4.9291    0.0149    1.1923   -0.1811    0.1081  -0.77461803
    4.9306    0.0167    1.1922   -0.1809    0.1124  -0.77461791
    4.9323    0.0187    1.1920   -0.1807    0.1171  -0.77461779
    4.9341    0.0209    1.1918   -0.1805    0.1223  -0.77461779
    4.9362    0.0233    1.1915   -0.1803    0.1280  -0.77461785
    4.9384    0.0260    1.1911   -0.1800    0.1345  -0.77461773
    4.9410    0.0291    1.1905   -0.1796    0.1417  -0.77461785
    4.9439    0.0325    1.1897   -0.1792    0.1499  -0.77461785
    4.9472    0.0365    1.1887   -0.1787    0.1591  -0.77461785
    4.9508    0.0408    1.1873   -0.1781    0.1693  -0.77461791
    4.9548    0.0455    1.1856   -0.1774    0.1804  -0.77461803
    4.9592    0.0507    1.1834   -0.1766    0.1926  -0.77461791
    4.9642    0.0566    1.1805   -0.1756    0.2061  -0.77461785
    4.9699    0.0634    1.1768   -0.1743    0.2215  -0.77461791
    4.9763    0.0709    1.1719   -0.1729    0.2384  -0.77461791
    4.9834    0.0791    1.1660   -0.1711    0.2566  -0.77461779
    4.9914    0.0885    1.1582   -0.1690    0.2768  -0.77461797
    5.0000    0.0983    1.1490   -0.1665    0.2975  -0.77461809
