   3.05614467E-09   2.77962253E-09
   4.79381512E-09   1.58869373E-09
   6.38250874E-09   1.50548762E-09
   7.88799603E-09   1.50446411E-09
   9.39246014E-09   1.55706981E-09
   1.09495302E-08   1.65033576E-09
   1.25998660E-08   1.77818837E-09
   1.43780543E-08   1.93806793E-09
   1.63161218E-08   2.12943951E-09
   1.84455615E-08   2.35308328E-09
   2.07986446E-08   2.61073962E-09
   2.34093847E-08   2.90492941E-09
   2.63143143E-08   3.23887051E-09
   2.95531848E-08   3.61645003E-09
   3.31696342E-08   4.04222833E-09
   3.72118620E-08   4.52147031E-09
   4.17333332E-08   5.06019315E-09
   4.67935273E-08   5.66523051E-09
   5.24587591E-08   6.34430997E-09
   5.88030673E-08   7.10614811E-09
   6.59092123E-08   7.96055488E-09
   7.38697707E-08   8.91856011E-09
   8.27883326E-08   9.99255079E-09
   9.27808799E-08   1.11964296E-08
   1.03977307E-07   1.25457911E-08
   1.16523097E-07   1.40581307E-08
   1.30581228E-07   1.57530593E-08
   1.46334287E-07   1.76525674E-08
   1.63986854E-07   1.97813002E-08
   1.83768151E-07   2.21668852E-08
   2.05935038E-07   2.48402827E-08
   2.30775328E-07   2.78361938E-08
   2.58611522E-07   3.11935047E-08
   2.89805030E-07   3.49557965E-08
   3.24760833E-07   3.91719155E-08
   3.63932742E-07   4.38965877E-08
   4.07829333E-07   4.91911578E-08
   4.57020491E-07   5.51243495E-08
   5.12144823E-07   6.17731928E-08
   5.73917987E-07   6.92240079E-08
   6.43142016E-07   7.75735174E-08
   7.20715548E-07   8.69301218E-08
   8.07645677E-07   9.74152883E-08
   9.05060972E-07   1.09165136E-07
   1.01422609E-06   1.22332210E-07
   1.13655824E-06   1.37087454E-07
   1.27364569E-06   1.53622423E-07
   1.42726810E-06   1.72151786E-07
   1.59941987E-06   1.92916090E-07
   1.79233598E-06   2.16184901E-07
   2.00852082E-06   2.42260313E-07
   2.25078111E-06   2.71480843E-07
   2.52226187E-06   3.04225836E-07
   2.82648762E-06   3.40920423E-07
   3.16740807E-06   3.82040980E-07
   3.54944905E-06   4.28121325E-07
   3.97757049E-06   4.79759763E-07
   4.45733031E-06   5.37626590E-07
   4.99495673E-06   6.02473108E-07
   5.59742966E-06   6.75141166E-07
   6.27257077E-06   7.56574195E-07
   7.02914485E-06   8.47829313E-07
   7.87697445E-06   9.50091362E-07
   8.82706627E-06   1.06468781E-06
   9.89175442E-06   1.19310641E-06
   1.10848605E-05   1.33701440E-06
   1.24218750E-05   1.49828008E-06
   1.39201547E-05   1.67899714E-06
   1.55991511E-05   1.88151148E-06
   1.74806628E-05   2.10845246E-06
   1.95891153E-05   2.33468882E-06
   2.19238045E-05   2.59072544E-06
   2.45145293E-05   2.87923308E-06
   2.73937621E-05   3.20336790E-06
   3.05971298E-05   3.56678242E-06
   3.41639134E-05   3.97365147E-06
   3.81375648E-05   4.32560546E-06
   4.24631689E-05   4.84278280E-06
   4.73059517E-05   5.41644249E-06
   5.27223929E-05   6.05376135E-06
   5.87761533E-05   6.84395536E-06
   6.56201082E-05   7.62619811E-06
   7.32463086E-05   8.12973758E-06
   8.13760489E-05   9.24713640E-06
   9.06231871E-05   1.01976948E-05
   1.00820878E-04   1.15706680E-05
   1.12391543E-04   1.26257692E-05
   1.25017308E-04   1.41597366E-05
   1.39177049E-04   1.56244951E-05
   1.54801543E-04   1.77356269E-05
   1.72537169E-04   1.98202215E-05
   1.92357387E-04   2.24055348E-05
   2.14762927E-04   2.52652044E-05
   2.40028137E-04   2.81012235E-05
   2.68129370E-04   2.99172407E-05
   2.98046623E-04   3.35929690E-05
   3.31639603E-04   3.81047066E-05
   3.69744317E-04   4.25615253E-05
   4.12305846E-04   4.68280232E-05
   4.59133880E-04   5.38324784E-05
   5.12966362E-04   5.90338823E-05
   5.72000223E-04   6.49543654E-05
   6.36954559E-04   7.10116947E-05
   7.07966276E-04   7.97476168E-05
   7.87713914E-04   8.73107711E-05
   8.75024707E-04   9.38697631E-05
   9.68894456E-04   1.07429027E-04
   1.07632345E-03   1.17951073E-04
   1.19427452E-03   1.34470713E-04
   1.32874527E-03   1.44161939E-04
   1.47290726E-03   1.62687706E-04
   1.63559499E-03   1.85209414E-04
   1.82080443E-03   2.09906852E-04
   2.03071139E-03   2.34301988E-04
   2.26501329E-03   2.61488574E-04
   2.52650189E-03   2.87546602E-04
   2.81404844E-03   3.25590663E-04
   3.13963904E-03   3.63159168E-04
   3.50279827E-03   4.05066792E-04
   3.90786491E-03   4.45289857E-04
   4.35315492E-03   4.97957866E-04
   4.85111261E-03   5.22090995E-04
   5.37320366E-03   5.76047460E-04
   5.94925135E-03   6.59282377E-04
   6.60853367E-03   7.30271277E-04
   7.33880512E-03   8.20685760E-04
   8.15949123E-03   9.07523849E-04
   9.06701479E-03   1.01821439E-03
   1.00852288E-02   1.11351977E-03
   1.11987488E-02   1.23401231E-03
   1.24327615E-02   1.38518785E-03
   1.38179492E-02   1.57383271E-03
   1.53917819E-02   1.73398596E-03
   1.71257686E-02   1.96576770E-03
   1.90915354E-02   2.22071493E-03
   2.13122498E-02   2.39950512E-03
   2.37117559E-02   2.64731422E-03
   2.63590701E-02   3.00345942E-03
   2.93625295E-02   3.27366428E-03
   3.26361954E-02   3.71213257E-03
   3.63483280E-02   4.19205334E-03
   4.05403823E-02   4.71924338E-03
   4.52596247E-02   5.46565885E-03
   5.07252850E-02   6.09182892E-03
   5.68171144E-02   6.78841025E-03
   6.36055246E-02   7.19025917E-03
   7.07957819E-02   7.86249805E-03
   7.86582828E-02   8.60923994E-03
   8.72675255E-02   9.11330432E-03
   9.63808298E-02   1.00461850E-02
  0.106427014       1.04654152E-02
  0.116892427       1.04517601E-02
  0.127344191       1.04681514E-02
  0.137812346       1.07229175E-02
  0.148535267       1.08386558E-02
  0.159373924       1.09062400E-02
  0.170280159       1.12278061E-02
  0.181507960       1.13799209E-02
  0.192887887       1.14941904E-02
  0.204382077       1.15831308E-02
  0.215965211       1.15030296E-02
  0.227468237       1.14369532E-02
  0.238905191       1.14089865E-02
  0.250314176       1.12163024E-02
  0.261530489       1.11324536E-02
  0.272662938       1.04771079E-02
  0.283140033       1.00035416E-02
  0.293143570       9.41277388E-03
  0.300596207       6.94065215E-03
  0.306017429       5.14323125E-03
  0.310504407       4.04791534E-03
  0.313021660       2.29967386E-03
  0.314284116       1.18715409E-03
  0.314911276       5.88847499E-04
  0.315264404       3.20907071E-04
  0.315415233       1.38602554E-04
  0.315463543       4.52380955E-05
  0.315479189       1.45999957E-05
  0.315489084       9.19981630E-06
  0.315498292       8.67289236E-06
  0.315506965       8.80773769E-06
  0.315515786       9.46694217E-06
  0.315525264       9.83221344E-06
  0.315535098       1.06634679E-05
  0.315545768       1.16777292E-05
  0.315557450       1.32246032E-05
  0.315570682       1.45832337E-05
  0.315585256       1.61586777E-05
  0.315601408       1.84514247E-05
  0.315619856       2.04664302E-05
  0.315640330       2.27714227E-05
  0.315663099       2.53913113E-05
  0.315688491       2.83564004E-05
  0.315716833       3.17023732E-05
  0.315748543       3.46447014E-05
  0.315783173       4.00010795E-05
  0.315823168       4.47177881E-05
  0.315867871       5.00287933E-05
  0.315917909       5.60003100E-05
  0.315973908       6.27074696E-05
  0.316036612       7.02351317E-05
  0.316106856       8.08083278E-05
  0.316187650       8.80040243E-05
  0.316275656       9.63795610E-05
  0.316372037       1.11436639E-04
  0.316483468       1.24680504E-04
  0.316608161       1.36296789E-04
  0.316744447       1.53222092E-04
  0.316897660       1.72061511E-04
  0.317069709       1.93058513E-04
  0.317262769       2.16480141E-04
  0.317479253       2.49186676E-04
  0.317728430       2.85349233E-04
  0.318013787       3.16950900E-04
  0.318330735       3.62299732E-04
  0.318693042       4.01841447E-04
  0.319094896       4.36283182E-04
  0.319531173       5.00926515E-04
  0.320032090       5.57169260E-04
  0.320589244       6.20356470E-04
  0.321209610       6.91102818E-04
  0.321900725       7.90939899E-04
  0.322691679       9.00852960E-04
  0.323592544       9.95333539E-04
  0.324587882       1.13161327E-03
  0.325719506       1.24798785E-03
  0.326967508       1.37878058E-03
  0.328346282       1.56594848E-03
  0.329912245       1.77045539E-03
  0.331682712       2.02395953E-03
  0.333706677       2.30012531E-03
  0.336006790       2.64317612E-03
  0.338649958       3.01573169E-03
  0.341665685       3.36574833E-03
  0.345031440       3.87431961E-03
  0.348905772       4.50478960E-03
  0.353410572       5.24869608E-03
  0.358659267       6.08571945E-03
  0.364744991       6.57945173E-03
  0.371324450       6.83968328E-03
  0.378164142       6.96686003E-03
  0.385131001       6.69592293E-03
  0.391826928       6.41029654E-03
  0.397536516       5.31579461E-03
  0.401296526       3.44480830E-03
  0.403827578       2.30819825E-03
  0.405659467       1.66411221E-03
  0.406368464       6.45907538E-04
  0.406585515       1.98588474E-04
  0.406688303       9.35478238E-05
  0.406781852       8.83246030E-05
  0.406870186       8.98226717E-05
  0.406960011       9.23183106E-05
  0.407052338       9.93641515E-05
  0.407151699       1.04154104E-04
  0.407255858       1.13132257E-04
  0.407368988       1.23907375E-04
  0.407492906       1.39413445E-04
  0.407632321       1.48150386E-04
  0.407780468       1.68522631E-04
  0.407949001       1.83646174E-04
  0.408132643       2.01165662E-04
  0.408333808       2.25428434E-04
  0.408559233       2.52419966E-04
  0.408811659       2.82480207E-04
  0.409094125       3.15983663E-04
  0.409410119       3.53343989E-04
  0.409763455       3.95018840E-04
  0.410158485       4.50917549E-04
  0.410609394       4.92527441E-04
  0.411101907       5.40305686E-04
  0.411642224       6.33635384E-04
  0.412275851       7.56171299E-04
  0.413032025       8.48446973E-04
  0.413880467       9.32850235E-04
  0.414813310       1.01054588E-03
  0.415823847       1.14679651E-03
  0.416970640       1.24683476E-03
  0.418217480       1.41839881E-03
  0.419635892       1.51788967E-03
  0.421153784       1.77507265E-03
  0.422928870       1.96707947E-03
  0.424895942       2.28224136E-03
  0.427178174       2.56761257E-03
  0.429745793       2.77183461E-03
  0.432517618       3.13407066E-03
  0.435651690       3.39404028E-03
  0.439045727       4.04269388E-03
  0.443088412       4.51984908E-03
  0.447608262       5.04971296E-03
  0.452657968       5.63660730E-03
  0.458294570       6.60885125E-03
  0.464903414       7.29331421E-03
  0.472196728       8.09151866E-03
  0.480288237       8.24187417E-03
  0.488530099       7.81434216E-03
  0.496344447       7.26985885E-03
  0.502475381       5.60388062E-03
  0.505776882       2.98254238E-03
  0.507309675       1.40452967E-03
  0.507856369       5.03193063E-04
  0.508069217       1.93488318E-04
  0.508262694       1.76817557E-04
  0.508439541       1.68033250E-04
  0.508607566       1.67802049E-04
  0.508775353       1.73221575E-04
  0.508948565       1.82932912E-04
  0.509131491       2.02424635E-04
  0.509333909       2.25286509E-04
  0.509559214       2.44114228E-04
  0.509803355       2.63083813E-04
  0.510066450       2.85929069E-04
  0.510352373       3.16990132E-04
  0.510669351       3.52097239E-04
  0.511021435       3.86280386E-04
  0.511407733       4.31194785E-04
  0.511838913       4.81392985E-04
  0.512320280       5.37521439E-04
  0.512857795       6.00309693E-04
  0.513458133       6.70582114E-04
  0.514128745       7.29526451E-04
  0.514858246       8.44928203E-04
  0.515703201       9.42677900E-04
  0.516645908       1.05274725E-03
  0.517698646       1.17664831E-03
  0.518875301       1.28144340E-03
  0.520156741       1.40324945E-03
  0.521560013       1.58472336E-03
  0.523144722       1.78673922E-03
  0.524931490       2.01261719E-03
  0.526944101       2.26611621E-03
  0.529210210       2.48428457E-03
  0.531694472       2.81135458E-03
  0.534505844       3.09509295E-03
  0.537600935       3.42293549E-03
  0.541023850       3.79916630E-03
  0.544822991       4.13082726E-03
  0.548953831       4.62957565E-03
  0.553583384       5.07302769E-03
  0.558656394       5.58911031E-03
  0.564245522       6.18444337E-03
  0.570429981       6.86778361E-03
  0.577297747       7.65010389E-03
  0.584947824       8.54477659E-03
  0.593492627       9.79590323E-03
  0.603288531       1.07203573E-02
  0.614008904       1.15933763E-02
  0.625602305       1.26503799E-02
  0.638252676       1.36908088E-02
  0.651943505       1.42559968E-02
  0.666199505       1.39676072E-02
  0.680167139       1.48756849E-02
  0.695042849       1.36578670E-02
  0.707281470       1.12199597E-02
  0.715361059       7.35428277E-03
  0.720176697       4.42828331E-03
  0.722352505       2.06763344E-03
  0.723062813       6.40477170E-04
  0.723703265       5.83429239E-04
  0.724286675       5.55817736E-04
  0.724842489       5.43129456E-04
  0.725385606       5.51752804E-04
  0.725937366       5.75561484E-04
  0.726512909       6.11548196E-04
  0.727124453       6.76055264E-04
  0.727800488       7.50673178E-04
  0.728551149       8.36135063E-04
  0.729387283       9.33390227E-04
  0.730320692       1.07626803E-03
  0.731396973       1.16652600E-03
  0.732563496       1.24373473E-03
  0.733807206       1.37032289E-03
  0.735177517       1.55442592E-03
  0.736731946       1.63685624E-03
  0.738368809       1.87084777E-03
  0.740239680       2.12718453E-03
  0.742366850       2.24369788E-03
  0.744610548       2.49976525E-03
  0.747110307       2.71814712E-03
  0.749828458       3.11944098E-03
  0.752947927       3.55708459E-03
  0.756505013       3.83947673E-03
  0.760344505       4.26727394E-03
  0.764611781       5.02278842E-03
  0.769634545       5.39475773E-03
  0.775029302       6.13576919E-03
  0.781165063       7.43434997E-03
  0.788599432       8.07804707E-03
  0.796677470       9.06980969E-03
  0.805747271       9.91009269E-03
  0.815657377       1.06224157E-02
  0.826279819       1.14694042E-02
  0.837749243       1.35000767E-02
  0.851249337       1.44935148E-02
  0.865742862       1.63795575E-02
  0.882122397       1.78079903E-02
  0.899930358       1.86607894E-02
  0.918591142       1.83369387E-02
  0.936928093       1.73490848E-02
  0.948628545       1.14157489E-02
  0.960044265       1.02877431E-02
  0.965009928       4.78899991E-03
  0.967867017       2.61067832E-03
  0.968703568       7.84136180E-04
  0.969072700       3.35991965E-04
  0.969408691       3.14196310E-04
  0.969722867       2.99962907E-04
  0.970022857       3.05635156E-04
  0.970328510       3.27033107E-04
  0.970655560       3.48006055E-04
  0.971003592       3.68644076E-04
  0.971372247       3.95842508E-04
  0.971768081       4.37422481E-04
  0.972205520       4.75902198E-04
  0.972681403       5.30863646E-04
  0.973212242       5.92680648E-04
  0.973804951       6.92346715E-04
  0.974497318       7.67737685E-04
  0.975265086       8.23071459E-04
  0.976088166       9.22963314E-04
  0.977011144       1.05660514E-03
  0.978067756       1.15740555E-03
  0.979225159       1.35716295E-03
  0.980582297       1.54177099E-03
  0.982124090       1.71243143E-03
  0.983836532       1.90732814E-03
  0.985743880       2.08872021E-03
  0.987832606       2.29892065E-03
  0.990131497       2.49594171E-03
  0.992627442       2.72599142E-03
  0.995353460       2.94293766E-03
  0.998296380       3.24856280E-03
   1.00154495       3.59230745E-03
   1.00513721       4.04815376E-03
   1.00918531       4.40387009E-03
   1.01358914       4.97810822E-03
   1.01856720       5.51807415E-03
   1.02408528       6.12799358E-03
   1.03021324       6.70839800E-03
   1.03692162       7.77364522E-03
   1.04469526       8.49794038E-03
   1.05319321       9.34244040E-03
   1.06253564       1.01653775E-02
   1.07270098       1.08378250E-02
   1.08353877       1.23595912E-02
   1.09589839       1.40560269E-02
   1.10995436       1.59632415E-02
   1.12591755       1.75728146E-02
   1.14349031       1.85437147E-02
   1.16203403       1.79733522E-02
   1.18000734       1.68951713E-02
   1.19504106       1.41778886E-02
   1.20921898       1.28374407E-02
   1.22044563       1.05196238E-02
   1.22967660       8.35691113E-03
   1.23590279       5.65192895E-03
   1.24073493       4.44172462E-03
   1.24287677       2.07246095E-03
   1.24382830       8.86680034E-04
   1.24420381       3.55139608E-04
   1.24433124       1.16069903E-04
   1.24442804       8.72564779E-05
   1.24451530       8.38029446E-05
   1.24459910       8.46459006E-05
   1.24468374       8.60575747E-05
   1.24476981       9.23308617E-05
   1.24486220       9.78236567E-05
   1.24496007       1.05161678E-04
   1.24506521       1.14215683E-04
   1.24517941       1.28337415E-04
   1.24530780       1.40466494E-04
   1.24544823       1.54523979E-04
   1.24560273       1.70606916E-04
   1.24577332       1.93967615E-04
   1.24596727       2.14095722E-04
   1.24618137       2.31440106E-04
   1.24641275       2.64718983E-04
   1.24667752       3.01408232E-04
   1.24697888       3.33061413E-04
   1.24731195       3.68956535E-04
   1.24768090       4.09461034E-04
   1.24809039       4.55016241E-04
   1.24854541       5.06139128E-04
   1.24905157       5.78676001E-04
   1.24963021       6.58835575E-04
   1.25028908       7.28183251E-04
   1.25101721       8.07023374E-04
   1.25182426       8.96196463E-04
   1.25272048       9.96720977E-04
   1.25371718       1.10979902E-03
   1.25482702       1.23682898E-03
   1.25606382       1.34730909E-03
   1.25741112       1.44404487E-03
   1.25885522       1.67447072E-03
   1.26052964       1.87656644E-03
   1.26240623       2.10226397E-03
   1.26450849       2.35483120E-03
   1.26686335       2.63796560E-03
   1.26950133       2.95587513E-03
   1.27245724       3.31336772E-03
   1.27577066       3.62944906E-03
   1.27940011       3.99483275E-03
   1.28339493       4.41324152E-03
   1.28780818       4.78770817E-03
   1.29259586       5.33718942E-03
   1.29793310       5.95515734E-03
   1.30388820       6.51242770E-03
   1.31040061       7.15600373E-03
   1.31755662       7.74362218E-03
   1.32530022       8.43326841E-03
   1.33373344       9.22906958E-03
   1.34296250       9.66021232E-03
   1.35262275       1.00884065E-02
   1.36271119       1.11368168E-02
   1.37384796       1.13932639E-02
   1.38524127       1.06078945E-02
   1.39584911       1.00835338E-02
   1.40593266       9.98938922E-03
   1.41592205       1.02677792E-02
   1.42618978       1.05189811E-02
   1.43670881       1.11025758E-02
   1.44617426       9.36510973E-03
   1.45446420       8.23546946E-03
   1.46269965       7.78179197E-03
   1.47048140       7.24571338E-03
   1.47530818       4.35299799E-03
   1.47809875       2.52001686E-03
   1.47956669       1.35166431E-03
   1.48014021       5.23521448E-04
   1.48034930       1.88986451E-04
   1.48049200       1.31040244E-04
   1.48062301       1.28322718E-04
   1.48075128       1.27267049E-04
   1.48087859       1.34708607E-04
   1.48101330       1.45201790E-04
   1.48115849       1.58498442E-04
   1.48131704       1.74544402E-04
   1.48149157       1.90337450E-04
   1.48168194       2.09058635E-04
   1.48189104       2.30795311E-04
   1.48212183       2.59843655E-04
   1.48238170       2.87824136E-04
   1.48266947       3.24823777E-04
   1.48299432       3.66227207E-04
   1.48336053       4.19867691E-04
   1.48378038       4.63880948E-04
   1.48424423       5.31717844E-04
   1.48477590       5.78725943E-04
   1.48535466       6.53560448E-04
   1.48600817       7.25493592E-04
   1.48673368       8.19982495E-04
   1.48755372       9.10753966E-04
   1.48846447       1.02977350E-03
   1.48949420       1.16252503E-03
   1.49065673       1.31090719E-03
   1.49196768       1.50294160E-03
   1.49347067       1.68712344E-03
   1.49515784       1.83717778E-03
   1.49699497       2.04220018E-03
   1.49903715       2.23992579E-03
   1.50127709       2.49413098E-03
   1.50377119       2.61081988E-03
   1.50638199       2.80567654E-03
   1.50918770       2.69819004E-03
   1.51188588       2.81545473E-03
   1.51431215       2.26185098E-03
   1.51657403       2.06973008E-03
   1.51766622       1.03900849E-03
   1.51806307       3.59620986E-04
   1.51818919       1.18885124E-04
   1.51825047       5.53401333E-05
   1.51829910       4.49985200E-05
   1.51834404       4.29215215E-05
   1.51838696       4.55221052E-05
   1.51843250       4.80169620E-05
   1.51848054       5.58472748E-05
   1.51853633       6.47883135E-05
   1.51860106       7.27478837E-05
   1.51867378       7.63736898E-05
   1.51875019       7.72600979E-05
   1.51882744       9.02644315E-05
   1.51891768       1.01893922E-04
   1.51901960       1.18048745E-04
   1.51913762       1.29375068E-04
   1.51926696       1.49865489E-04
   1.51941681       1.72682761E-04
   1.51958954       1.84572695E-04
   1.51977408       2.03491480E-04
   1.51997757       2.12500308E-04
   1.52019012       2.38032109E-04
   1.52042818       2.55803607E-04
   1.52068400       2.87944684E-04
   1.52097189       3.23216314E-04
   1.52129507       3.62052640E-04
   1.52165711       3.96473915E-04
   1.52205360       4.44558304E-04
   1.52249813       4.87091776E-04
   1.52298522       5.59301348E-04
   1.52354455       5.98659390E-04
   1.52414322       6.57466881E-04
   1.52480066       7.38328672E-04
   1.52553904       8.26589123E-04
   1.52636564       9.03935637E-04
   1.52726960       9.90385306E-04
   1.52825999       1.10949797E-03
   1.52936947       1.30282133E-03
   1.53067231       1.43794075E-03
   1.53211021       1.66938710E-03
   1.53377962       1.86969596E-03
   1.53564930       2.04062113E-03
   1.53768992       2.51030712E-03
   1.54020023       2.91789835E-03
   1.54311812       3.42110195E-03
   1.54653919       3.83946788E-03
   1.55037868       4.52976441E-03
   1.55490839       4.93447948E-03
   1.55984282       5.75906178E-03
   1.56560194       6.97903708E-03
   1.57258093       8.25718790E-03
   1.58083808       9.74964537E-03
   1.59058774       1.09787490E-02
   1.60156643       1.22772688E-02
   1.61384368       1.36531899E-02
   1.62749684       1.49063803E-02
   1.64240324       1.64679904E-02
   1.65887129       1.71422195E-02
   1.67601347       1.73655879E-02
   1.69337904       1.79713741E-02
   1.71135044       1.85867231E-02
   1.72993720       1.92263145E-02
   1.74916351       2.00870596E-02
   1.76925051       2.09102165E-02
   1.79016078       2.18375288E-02
   1.81199825       2.29176506E-02
   1.83491588       2.42188405E-02
   1.85913467       2.55417284E-02
   1.88467646       2.72985343E-02
   1.91197503       2.90946197E-02
   1.94106960       3.19334827E-02
   1.97300303       3.53898369E-02
   2.00839281       3.64823081E-02
   2.02262378       1.32822068E-02
   2.02907968       5.92239527E-03
   2.03500199       5.54665178E-03
   2.04054856       5.41746989E-03
   2.04596615       6.06461894E-03
   2.05203080       7.03591295E-03
   2.05906677       7.45829334E-03
   2.06652498       8.17246363E-03
   2.07469749       8.99950974E-03
   2.08369708       1.01387873E-02
   2.09383583       1.27884131E-02
   2.10662413       1.36671038E-02
   2.12029123       1.55665185E-02
   2.13585782       1.72586441E-02
   2.15311646       1.86707098E-02
   2.17178726       1.84048973E-02
   2.19019222       1.88912489E-02
   2.20908356       1.80481263E-02
   2.22713161       1.71051696E-02
   2.24006534       1.33842016E-02
   2.25180507       1.08117815E-02
   2.25864553       6.51876815E-03
   2.26367807       4.71846387E-03
   2.26548481       1.65842089E-03
   2.26604724       5.11158956E-04
   2.26641202       3.39745020E-04
   2.26675177       3.46022134E-04
   2.26709771       3.51393974E-04
   2.26744914       3.56115517E-04
   2.26780534       3.78145982E-04
   2.26818347       4.01423866E-04
   2.26858497       4.48606384E-04
   2.26903367       4.70616971E-04
   2.26950431       5.08510973E-04
   2.27001286       6.46379602E-04
   2.27065921       6.99837983E-04
   2.27135897       7.92992709E-04
   2.27215195       9.39498772E-04
   2.27309155       1.07859238E-03
   2.27417016       1.14883471E-03
   2.27531910       1.20340788E-03
   2.27652240       1.35955215E-03
   2.27788186       1.59661472E-03
   2.27947855       1.72792922E-03
   2.28120637       1.83053361E-03
   2.28303695       2.04872177E-03
   2.28508568       2.25507445E-03
   2.28734064       2.62222230E-03
   2.28996277       2.96862493E-03
   2.29293132       3.24346754E-03
   2.29617476       3.83113464E-03
   2.30000591       4.16259561E-03
   2.30416846       4.40709572E-03
   2.30857563       4.47859894E-03
   2.31305432       4.22549760E-03
   2.31673598       3.40884086E-03
   2.32014489       3.30718071E-03
   2.32163572       1.37929653E-03
   2.32216501       5.00839669E-04
   2.32235765       1.73790861E-04
   2.32253146       1.57183822E-04
   2.32268858       1.57567425E-04
   2.32284617       1.64536468E-04
   2.32301068       1.71156396E-04
   2.32318187       1.77475711E-04
   2.32335925       1.87905564E-04
   2.32354712       2.07337987E-04
   2.32375455       2.57311622E-04
   2.32401180       2.81081971E-04
   2.32429290       3.31279793E-04
   2.32462406       3.88236716E-04
   2.32501221       4.23723221E-04
   2.32543588       4.66679659E-04
   2.32590246       4.81700816E-04
   2.32638407       5.43259084E-04
   2.32692742       5.96328755E-04
   2.32752371       6.75385701E-04
   2.32819915       7.63846445E-04
   2.32896304       8.63112684E-04
   2.32982612       9.74760915E-04
   2.33080077       1.07157079E-03
   2.33187222       1.18354848E-03
   2.33305573       1.38949289E-03
   2.33444524       1.61897507E-03
   2.33606410       1.81971595E-03
   2.33788371       2.04955437E-03
   2.33993316       2.25143950E-03
   2.34218454       2.43067835E-03
   2.34461522       2.71066814E-03
   2.34732580       2.95970240E-03
   2.35028553       3.18407943E-03
   2.35346961       3.61260888E-03
   2.35708213       3.91415274E-03
   2.36099625       4.36306046E-03
   2.36535931       4.68109827E-03
   2.37004042       5.27531328E-03
   2.37531567       6.08528918E-03
   2.38140106       6.99337246E-03
   2.38839436       7.52638839E-03
   2.39592075       8.52189120E-03
   2.40444255       9.45916492E-03
   2.41390181       1.05567100E-02
   2.42445850       1.10673076E-02
   2.43552589       1.19677726E-02
   2.44749355       1.32786073E-02
   2.46077228       1.53565658E-02
   2.47612882       1.61366817E-02
   2.49226546       1.77033488E-02
   2.50996876       1.95762217E-02
   2.52954507       2.02920213E-02
   2.54983711       2.24023033E-02
   2.57223940       2.43038982E-02
   2.59654331       2.50860024E-02
   2.62162924       2.43301243E-02
   2.64595938       2.23884601E-02
   2.66834784       2.01599989E-02
   2.68584800       1.59756280E-02
   2.69802880       1.15745962E-02
   2.70672536       7.91164115E-03
   2.71257210       5.33292303E-03
   2.71631432       3.40957870E-03
   2.71780443       1.40155363E-03
   2.71848106       6.19113038E-04
   2.71870637       2.09231672E-04
   2.71877551       6.36297409E-05
   2.71882319       4.29224929E-05
   2.71886611       4.07733678E-05
   2.71890688       4.00996469E-05
   2.71894693       4.21473014E-05
   2.71898913       4.51568048E-05
   2.71903419       4.90302809E-05
   2.71908331       5.37358028E-05
   2.71913695       5.83407891E-05
   2.71919537       6.48472851E-05
   2.71926022       7.11116591E-05
   2.71933126       7.96070963E-05
   2.71941090       8.91576419E-05
   2.71950006       9.68541499E-05
   2.71959686       1.09134737E-04
   2.71970606       1.22800935E-04
   2.71982884       1.40465083E-04
   2.71996927       1.57299131E-04
   2.72012663       1.73422886E-04
   2.72029996       1.98320136E-04
   2.72049832       2.22057002E-04
   2.72072029       2.53121572E-04
   2.72097349       2.78288033E-04
   2.72125173       3.07188777E-04
   2.72155881       3.45559936E-04
   2.72190428       3.82255384E-04
   2.72228646       4.30674816E-04
   2.72271705       4.69948369E-04
   2.72318697       5.31356665E-04
   2.72371840       5.90001175E-04
   2.72430849       6.78319193E-04
   2.72498679       7.50523119E-04
   2.72573733       8.45920353E-04
   2.72658324       9.52469069E-04
   2.72753572       1.05470337E-03
   2.72859049       1.15355069E-03
   2.72974396       1.28624216E-03
   2.73103023       1.41398713E-03
   2.73244429       1.60821620E-03
   2.73405242       1.76804734E-03
   2.73582053       1.97947910E-03
   2.73780012       2.21595680E-03
   2.74001598       2.48083496E-03
   2.74249673       2.77791894E-03
   2.74527454       3.11154569E-03
   2.74838614       3.48667521E-03
   2.75187278       3.85149312E-03
   2.75572419       4.40190826E-03
   2.76012611       4.73579019E-03
   2.76486182       5.13821794E-03
   2.76999998       5.76202292E-03
   2.77576208       6.46187505E-03
   2.78222394       7.05844210E-03
   2.78928232       7.96170346E-03
   2.79724407       8.97592492E-03
   2.80622005       1.01200650E-02
   2.81634021       1.08564235E-02
   2.82719660       1.20412605E-02
   2.83923793       1.30867418E-02
   2.85232472       1.40237035E-02
   2.86634851       1.51657807E-02
   2.88151431       1.62024740E-02
   2.89771676       1.68863367E-02
   2.91460299       1.78181902E-02
   2.93242121       1.78370867E-02
   2.95025826       1.67868044E-02
   2.96704507       1.66845936E-02
   2.98372960       1.72042530E-02
   3.00093389       1.72134787E-02
   3.01814747       1.72884259E-02
   3.03543591       1.71668250E-02
   3.05260277       1.64556410E-02
   3.06717467       1.41367195E-02
   3.08131146       1.32423593E-02
   3.09455371       1.19633498E-02
   3.10651708       1.08078485E-02
   3.11292672       6.06436189E-03
   3.11750102       4.24583210E-03
   3.12051916       2.80807540E-03
   3.12214923       1.48351374E-03
   3.12283111       6.23751839E-04
   3.12304640       1.95720902E-04
   3.12314343       9.08401271E-05
   3.12323427       8.57207560E-05
   3.12332010       8.55379185E-05
   3.12340569       8.85356203E-05
   3.12349415       9.21574319E-05
   3.12358642       9.97788811E-05
   3.12368631       1.07145126E-04
   3.12379336       1.18561577E-04
   3.12391186       1.31769513E-04
   3.12404370       1.44129212E-04
   3.12418795       1.61581440E-04
   3.12434959       1.77829628E-04
   3.12452745       2.00238952E-04
   3.12472773       2.21063587E-04
   3.12494874       2.44765426E-04
   3.12519360       2.66887451E-04
   3.12546039       3.03208450E-04
   3.12576365       3.43360036E-04
   3.12610698       3.87929613E-04
   3.12649488       4.37559502E-04
   3.12693238       4.92954976E-04
   3.12742543       5.54893340E-04
   3.12798023       6.12448668E-04
   3.12859273       6.91027904E-04
   3.12928367       7.63981079E-04
   3.13004756       8.46731127E-04
   3.13089418       9.23884858E-04
   3.13181806       1.01249001E-03
   3.13283062       1.11307739E-03
   3.13394380       1.29904365E-03
   3.13524294       1.47157849E-03
   3.13671446       1.63149915E-03
   3.13834596       1.84659928E-03
   3.14019251       2.12973868E-03
   3.14232230       2.34696548E-03
   3.14466929       2.59485771E-03
   3.14726424       2.85989349E-03
   3.15012407       2.97289388E-03
   3.15309691       2.85242288E-03
   3.15594935       3.04207811E-03
   3.15899134       3.24836280E-03
   3.16223979       3.12890531E-03
   3.16360497       1.37312571E-03
   3.16413808       4.92652762E-04
   3.16426969       1.20633653E-04
   3.16435647       7.95594824E-05
   3.16442490       6.43203384E-05
   3.16448927       6.48000205E-05
   3.16455412       6.64786567E-05
   3.16462064       6.59226789E-05
   3.16468644       7.16655995E-05
   3.16475821       7.86939127E-05
   3.16483688       9.52538830E-05
   3.16493225       1.06194420E-04
   3.16503835       1.16717849E-04
   3.16515517       1.24905651E-04
   3.16528010       1.35097129E-04
   3.16541529       1.49602798E-04
   3.16556478       1.75918991E-04
   3.16574073       1.90577295E-04
   3.16593122       2.29117752E-04
   3.16616035       2.79461266E-04
   3.16643977       3.07272130E-04
   3.16674709       3.40040715E-04
   3.16708708       3.60211707E-04
   3.16744733       3.75908014E-04
   3.16782331       4.08230931E-04
   3.16823149       4.76383051E-04
   3.16870785       5.76185703E-04
   3.16928411       6.23434316E-04
   3.16990757       7.02407968E-04
   3.17060995       7.24679325E-04
   3.17133474       8.00644630E-04
   3.17213535       8.60432105E-04
   3.17299581       9.42962652E-04
   3.17393875       1.05052593E-03
   3.17498922       1.18733663E-03
   3.17617655       1.29582651E-03
   3.17747235       1.62851252E-03
   3.17910075       1.76663126E-03
   3.18086743       1.92662783E-03
   3.18279409       2.26965966E-03
   3.18506384       2.78133922E-03
   3.18784523       2.96080951E-03
   3.19080615       3.71446367E-03
   3.19452071       4.30774968E-03
   3.19882846       5.10398112E-03
   3.20393252       5.29473787E-03
   3.20922732       6.50630519E-03
   3.21573353       6.83723576E-03
   3.22257066       7.87771121E-03
   3.23044848       9.52649582E-03
   3.23997498       1.09982044E-02
   3.25097322       1.28539512E-02
   3.26382709       1.48196630E-02
   3.27864671       1.60454605E-02
   3.29469228       1.73993111E-02
   3.31209159       1.91837624E-02
   3.33127546       2.04468202E-02
   3.35172224       2.09373701E-02
   3.37265968       2.28077192E-02
   3.39546752       2.47193370E-02
   3.42018676       2.53970399E-02
   3.44558382       2.55084466E-02
   3.47109222       2.58143879E-02
   3.49690652       2.57374551E-02
   3.52264404       2.63497159E-02
   3.54899383       2.67245192E-02
   3.57571840       2.74313148E-02
   3.60314965       2.78929900E-02
   3.63104272       2.88525317E-02
   3.65989518       2.89706141E-02
   3.68886590       2.95712743E-02
   3.71843719       3.05228531E-02
   3.74896002       3.19818147E-02
   3.78094172       3.29294428E-02
   3.81387115       3.38272005E-02
   3.84769845       3.47589366E-02
   3.88245749       3.28940265E-02
   3.91535163       3.22997719E-02
   3.94358993       2.67681964E-02
   3.97035813       2.41296180E-02
   3.99448776       2.25771610E-02
   4.01249743       1.66986380E-02
   4.01710939       4.24643606E-03
   4.02031898       2.92745186E-03
   4.02324629       2.99408194E-03
   4.02624035       2.83604278E-03
   4.02907658       3.18253716E-03
   4.03225899       3.33289290E-03
   4.03559208       3.42719443E-03
   4.03901911       3.83962272E-03
   4.04285860       4.21949709E-03
   4.04707813       4.57267882E-03
   4.05165100       4.74329107E-03
   4.05639410       4.85618087E-03
   4.06125021       5.12342388E-03
   4.06637383       5.62639348E-03
   4.07200003       6.29420904E-03
   4.07829428       6.75204257E-03
   4.08504629       6.95929909E-03
   4.09200573       6.73040515E-03
   4.09873629       6.12656679E-03
   4.10486269       5.58257429E-03
   4.10846663       3.28534725E-03
   4.11041212       1.77657080E-03
   4.11137199       9.02584172E-04
   4.11194277       5.14700369E-04
   4.11216640       2.06422672E-04
   4.11222982       5.85170928E-05
   4.11226130       2.86205541E-05
   4.11228991       2.73533551E-05
   4.11231709       2.63356524E-05
   4.11234331       2.76422306E-05
   4.11237097       2.89337622E-05
   4.11240005       3.08501840E-05
   4.11243105       3.41159466E-05
   4.11246538       3.70324160E-05
   4.11250257       3.96634205E-05
   4.11254215       4.37874842E-05
   4.11258602       4.96321954E-05
   4.11263561       5.48269782E-05
   4.11269045       6.07257098E-05
   4.11275101       6.59813013E-05
   4.11281681       7.53494751E-05
   4.11289215       8.19376437E-05
   4.11297417       9.36267752E-05
   4.11306763       1.06505540E-04
   4.11317396       1.20768920E-04
   4.11329460       1.36630610E-04
   4.11343145       1.58502167E-04
   4.11358976       1.70208150E-04
   4.11375999       1.92753228E-04
   4.11395264       2.17873530E-04
   4.11417055       2.45938951E-04
   4.11441660       2.70901015E-04
   4.11468744       3.06591770E-04
   4.11499405       3.38342128E-04
   4.11533260       3.83438950E-04
   4.11571598       4.14737180E-04
   4.11613083       4.61148302E-04
   4.11659193       5.13227948E-04
   4.11710501       5.85203117E-04
   4.11769009       6.64804305E-04
   4.11835480       7.35719397E-04
   4.11909056       8.16124317E-04
   4.11990690       9.06873960E-04
   4.12081385       1.00898871E-03
   4.12182283       1.15044368E-03
   4.12297344       1.27672253E-03
   4.12424994       1.41936040E-03
   4.12566948       1.51785195E-03
   4.12718725       1.66802399E-03
   4.12885523       1.92155573E-03
   4.13077688       2.10407656E-03
   4.13288116       2.36170227E-03
   4.13524294       2.64811865E-03
   4.13789129       3.03810532E-03
   4.14092922       3.38894315E-03
   4.14431810       3.87468445E-03
   4.14819288       4.31289151E-03
   4.15250587       4.92530083E-03
   4.15743113       5.48004312E-03
   4.16291094       6.11357158E-03
   4.16902447       6.83525018E-03
   4.17585993       7.49683334E-03
   4.18335676       8.11125338E-03
   4.19146824       9.01377946E-03
   4.20048189       1.02556907E-02
   4.21073771       1.14088319E-02
   4.22214651       1.22778565E-02
   4.23442459       1.35733187E-02
   4.24799776       1.48111647E-02
   4.26280880       1.62754972E-02
   4.27908421       1.77040175E-02
   4.29678822       1.97255109E-02
   4.31651354       2.08300427E-02
   4.33734369       2.17904299E-02
   4.35913420       2.26660799E-02
   4.38180017       2.39541400E-02
   4.40575409       2.51490623E-02
   4.43090296       2.55015995E-02
   4.45640469       2.53616273E-02
   4.48176622       2.49574073E-02
   4.50672340       2.46468950E-02
   4.53137016       2.50798631E-02
   4.55644989       2.49919910E-02
   4.58144188       2.49472931E-02
   4.60638905       2.49398127E-02
   4.63132906       2.54751761E-02
   4.65680408       2.46146414E-02
   4.68141890       2.24902146E-02
   4.70390892       2.17320230E-02
   4.72564077       2.11318601E-02
   4.74677277       1.98589340E-02
   4.76663160       1.97646525E-02
   4.78639603       1.89982876E-02
   4.80539417       1.87675394E-02
   4.82416153       1.81181226E-02
   4.84227943       1.75834801E-02
   4.85986280       1.63282100E-02
   4.86990023       9.16437339E-03
   4.87761259       7.93024153E-03
   4.88419437       6.07350236E-03
   4.88746405       3.27872531E-03
   4.88927650       1.83932856E-03
   4.89031506       9.71509726E-04
   4.89063311       3.11688520E-04
   4.89074659       1.10013178E-04
   4.89084196       8.60502259E-05
   4.89092779       8.73022218E-05
   4.89101505       8.83802495E-05
   4.89110327       8.93313263E-05
   4.89119244       9.59561366E-05
   4.89128828       1.06455343E-04
   4.89139462       1.24226877E-04
   4.89151907       1.38132003E-04
   4.89165735       1.54402864E-04
   4.89181185       1.69958395E-04
   4.89198160       1.84953577E-04
   4.89216661       2.10276485E-04
   4.89237690       2.26556294E-04
   4.89260340       2.50132754E-04
   4.89285374       2.81899556E-04
   4.89313555       3.17434518E-04
   4.89345312       3.57240147E-04
   4.89381027       4.01876081E-04
   4.89421225       4.37116396E-04
   4.89464951       5.03968098E-04
   4.89515352       5.57325606E-04
   4.89571095       6.28913753E-04
   4.89633989       6.96702569E-04
   4.89703655       7.61336938E-04
   4.89779806       9.21010331E-04
   4.89871883       1.07309851E-03
   4.89979172       1.19428290E-03
   4.90098619       1.31028681E-03
   4.90229654       1.49891688E-03
   4.90379524       1.71018636E-03
   4.90550566       1.87918998E-03
   4.90738487       1.98145583E-03
   4.90936613       1.96946459E-03
   4.91133547       1.92096096E-03
   4.91325665       1.79222086E-03
   4.91483545       1.43251335E-03
   4.91575670       8.47089977E-04
   4.91628838       4.80366289E-04
   4.91653061       2.20306756E-04
   4.91661167       7.51683692E-05
   4.91663837       2.42833703E-05
   4.91665554       1.55036050E-05
   4.91667128       1.47231885E-05
   4.91668606       1.47298015E-05
   4.91670084       1.52530674E-05
   4.91671610       1.65138590E-05
   4.91673279       1.70923631E-05
   4.91674995       1.90948922E-05
   4.91676903       2.05569850E-05
   4.91678953       2.27678156E-05
   4.91681242       2.58365635E-05
   4.91683817       2.86659179E-05
   4.91686678       3.25706314E-05
   4.91689920       3.69400404E-05
   4.91693592       4.18415839E-05
   4.91697788       4.63627912E-05
   4.91702414       5.26289914E-05
   4.91707659       5.63146059E-05
   4.91713285       6.18793420E-05
   4.91719484       6.82273676E-05
   4.91726303       7.54114881E-05
   4.91733837       8.34989187E-05
   4.91742182       9.63613711E-05
   4.91751814       1.08204193E-04
   4.91762638       1.19121723E-04
   4.91774559       1.36906208E-04
   4.91788244       1.56544120E-04
   4.91803885       1.71331820E-04
   4.91821003       1.91998595E-04
   4.91840219       2.11064820E-04
   4.91861343       2.42325084E-04
   4.91885567       2.71106779E-04
   4.91912699       3.03406239E-04
   4.91943026       3.46866116E-04
   4.91977692       3.86891159E-04
   4.92016363       4.41252341E-04
   4.92060471       5.01794682E-04
   4.92110634       5.57594351E-04
   4.92166376       6.09288516E-04
   4.92227316       6.82006066E-04
   4.92295504       7.49127066E-04
   4.92370415       8.41663510E-04
   4.92454576       9.44802130E-04
   4.92549038       1.08248682E-03
   4.92657280       1.20927521E-03
   4.92778206       1.35193486E-03
   4.92913389       1.51223829E-03
   4.93064594       1.66024617E-03
   4.93230629       1.82945468E-03
   4.93413591       2.02121655E-03
   4.93615723       2.28033913E-03
   4.93843746       2.56735156E-03
   4.94100475       2.88617448E-03
   4.94389105       3.31010739E-03
   4.94720125       3.63040273E-03
   4.95083189       3.99723183E-03
   4.95482922       4.41330159E-03
   4.95924234       4.97613614E-03
   4.96421862       5.71842585E-03
   4.96993685       6.40038215E-03
   4.97633743       7.02769356E-03
   4.98336506       8.05858709E-03
   4.99142361       9.19483323E-03
