    0.0000    0.0000   -1.1500    0.0870    0.0000  -1.52456665
    0.0026   -0.0030   -1.1498    0.0870   -0.0215  -1.52456629
    0.0052   -0.0060   -1.1490    0.0869   -0.0429  -1.52456641
    0.0074   -0.0085   -1.1480    0.0868   -0.0612  -1.52456641
    0.0106   -0.0121   -1.1460    0.0865   -0.0873  -1.52456641
    0.0150   -0.0172   -1.1418    0.0861   -0.1239  -1.52456629
    0.0213   -0.0244   -1.1336    0.0851   -0.1747  -1.52456665
    0.0300   -0.0341   -1.1178    0.0833   -0.2432  -1.52456653
    0.0422   -0.0477   -1.0868    0.0798   -0.3355  -1.52456665
    0.0583   -0.0647   -1.0323    0.0735   -0.4452  -1.52456641
    0.0770   -0.0833   -0.9524    0.0641   -0.5522  -1.52456641
    0.0967   -0.1011   -0.8552    0.0524   -0.6368  -1.52456641
    0.1148   -0.1157   -0.7590    0.0403   -0.6886  -1.52456665
    0.1329   -0.1286   -0.6614    0.0275   -0.7168  -1.52456653
    0.1500   -0.1391   -0.5719    0.0152   -0.7247  -1.52456641
    0.1651   -0.1472   -0.4953    0.0043   -0.7192  -1.52456653
    0.1784   -0.1534   -0.4312   -0.0052   -0.7065  -1.52456653
    0.1913   -0.1585   -0.3720   -0.0142   -0.6886  -1.52456665
    0.2043   -0.1630   -0.3155   -0.0230   -0.6662  -1.52456653
    0.2186   -0.1671   -0.2557   -0.0324   -0.6372  -1.52456653
    0.2349   -0.1707   -0.1918   -0.0424   -0.6006  -1.52456665
    0.2532   -0.1736   -0.1238   -0.0530   -0.5557  -1.52456665
    0.2734   -0.1754   -0.0528   -0.0637   -0.5032  -1.52456665
    0.2957   -0.1757    0.0221   -0.0742   -0.4428  -1.52456665
    0.3202   -0.1742    0.1015   -0.0843   -0.3743  -1.52456653
    0.3470   -0.1703    0.1864   -0.0933   -0.2977  -1.52456665
    0.3761   -0.1636    0.2780   -0.1007   -0.2129  -1.52456665
    0.4068   -0.1535    0.3765   -0.1058   -0.1204  -1.52456653
    0.4312   -0.1434    0.4576   -0.1078   -0.0435  -1.52456653
    0.4516   -0.1333    0.5283   -0.1080    0.0243  -1.52456641
    0.4698   -0.1231    0.5935   -0.1070    0.0880  -1.52456653
    0.4874   -0.1121    0.6600   -0.1049    0.1546  -1.52456653
    0.5059   -0.0992    0.7333   -0.1013    0.2309  -1.52456641
    0.5245   -0.0848    0.8109   -0.0963    0.3168  -1.52456653
    0.5427   -0.0694    0.8914   -0.0897    0.4138  -1.52456665
    0.5577   -0.0555    0.9613   -0.0828    0.5080  -1.52456653
    0.5703   -0.0430    1.0215   -0.0758    0.6005  -1.52456641
    0.5811   -0.0316    1.0738   -0.0688    0.6943  -1.52456641
    0.5901   -0.0218    1.1153   -0.0622    0.7841  -1.52456641
    0.5975   -0.0134    1.1470   -0.0560    0.8699  -1.52456629
    0.6038   -0.0061    1.1696   -0.0503    0.9514  -1.52456617
    0.6091    0.0001    1.1835   -0.0451    1.0266  -1.52456594
    0.6134    0.0052    1.1896   -0.0405    1.0932  -1.52456594
    0.6176    0.0102    1.1890   -0.0358    1.1600  -1.52456605
    0.6223    0.0158    1.1781   -0.0301    1.2363  -1.52456641
    0.6274    0.0217    1.1513   -0.0237    1.3132  -1.52456629
    0.6323    0.0272    1.1090   -0.0171    1.3742  -1.52456617
    0.6367    0.0320    1.0587   -0.0109    1.4110  -1.52456605
    0.6410    0.0364    1.0038   -0.0049    1.4264  -1.52456605
    0.6450    0.0404    0.9502    0.0009    1.4238  -1.52456629
    0.6498    0.0448    0.8905    0.0076    1.4039  -1.52456641
    0.6541    0.0485    0.8410    0.0136    1.3747  -1.52456629
    0.6584    0.0520    0.7969    0.0194    1.3390  -1.52456629
    0.6630    0.0556    0.7551    0.0255    1.2967  -1.52456617
    0.6682    0.0594    0.7142    0.0322    1.2466  -1.52456629
    0.6742    0.0636    0.6740    0.0394    1.1884  -1.52456629
    0.6812    0.0681    0.6343    0.0475    1.1215  -1.52456641
    0.6895    0.0733    0.5947    0.0566    1.0448  -1.52456605
    0.6995    0.0790    0.5552    0.0666    0.9578  -1.52456617
    0.7116    0.0855    0.5150    0.0776    0.8592  -1.52456617
    0.7255    0.0923    0.4759    0.0887    0.7552  -1.52456617
    0.7409    0.0994    0.4372    0.0995    0.6475  -1.52456617
    0.7584    0.1067    0.3968    0.1099    0.5350  -1.52456617
    0.7781    0.1141    0.3530    0.1192    0.4174  -1.52456617
    0.8003    0.1213    0.3037    0.1271    0.2947  -1.52456617
    0.8247    0.1281    0.2470    0.1328    0.1687  -1.52456629
    0.8511    0.1337    0.1812    0.1355    0.0411  -1.52456617
    0.8777    0.1376    0.1088    0.1350   -0.0800  -1.52456629
    0.9019    0.1394    0.0357    0.1318   -0.1856  -1.52456629
    0.9231    0.1394   -0.0345    0.1269   -0.2749  -1.52456629
    0.9433    0.1380   -0.1083    0.1205   -0.3583  -1.52456629
    0.9625    0.1352   -0.1850    0.1129   -0.4361  -1.52456629
    0.9825    0.1306   -0.2738    0.1033   -0.5166  -1.52456629
    1.0030    0.1239   -0.3754    0.0919   -0.5989  -1.52456617
    1.0228    0.1154   -0.4873    0.0792   -0.6793  -1.52456629
    1.0413    0.1053   -0.6077    0.0659   -0.7561  -1.52456629
    1.0562    0.0955   -0.7196    0.0542   -0.8194  -1.52456617
    1.0681    0.0863   -0.8219    0.0442   -0.8709  -1.52456617
    1.0778    0.0779   -0.9175    0.0355   -0.9134  -1.52456617
    1.0861    0.0699   -1.0094    0.0278   -0.9487  -1.52456617
    1.0932    0.0624   -1.0987    0.0209   -0.9772  -1.52456629
    1.0992    0.0555   -1.1829    0.0150   -0.9978  -1.52456629
    1.1043    0.0493   -1.2617    0.0099   -1.0106  -1.52456617
    1.1088    0.0436   -1.3358    0.0054   -1.0157  -1.52456617
    1.1127    0.0382   -1.4052    0.0014   -1.0128  -1.52456617
    1.1165    0.0327   -1.4759   -0.0025   -1.0001  -1.52456629
    1.1201    0.0273   -1.5405   -0.0060   -0.9766  -1.52456605
    1.1235    0.0219   -1.6007   -0.0093   -0.9396  -1.52456641
    1.1272    0.0158   -1.6554   -0.0127   -0.8836  -1.52456617
    1.1306    0.0102   -1.6928   -0.0155   -0.8186  -1.52456617
    1.1343    0.0039   -1.7170   -0.0184   -0.7367  -1.52456641
    1.1379   -0.0023   -1.7241   -0.0209   -0.6501  -1.52456605
    1.1419   -0.0092   -1.7156   -0.0233   -0.5554  -1.52456629
    1.1459   -0.0160   -1.6945   -0.0254   -0.4653  -1.52456605
    1.1500   -0.0229   -1.6643   -0.0271   -0.3802  -1.52456617
    1.1545   -0.0302   -1.6257   -0.0286   -0.2972  -1.52456594
    1.1595   -0.0382   -1.5784   -0.0299   -0.2144  -1.52456605
    1.1651   -0.0471   -1.5223   -0.0309   -0.1318  -1.52456605
    1.1718   -0.0570   -1.4565   -0.0315   -0.0490  -1.52456629
    1.1781   -0.0660   -1.3948   -0.0315    0.0188  -1.52456629
    1.1843   -0.0744   -1.3356   -0.0312    0.0770  -1.52456641
    1.1901   -0.0820   -1.2818   -0.0307    0.1247  -1.52456605
    1.1967   -0.0903   -1.2219   -0.0297    0.1732  -1.52456617
    1.2043   -0.0993   -1.1555   -0.0282    0.2217  -1.52456629
    1.2130   -0.1091   -1.0816   -0.0260    0.2696  -1.52456617
    1.2229   -0.1194   -1.0010   -0.0231    0.3156  -1.52456629
    1.2342   -0.1302   -0.9129   -0.0193    0.3588  -1.52456629
    1.2465   -0.1408   -0.8211   -0.0147    0.3964  -1.52456629
    1.2593   -0.1507   -0.7290   -0.0094    0.4270  -1.52456629
    1.2724   -0.1597   -0.6381   -0.0036    0.4502  -1.52456641
    1.2855   -0.1675   -0.5509    0.0024    0.4662  -1.52456641
    1.2979   -0.1738   -0.4709    0.0082    0.4756  -1.52456641
    1.3103   -0.1792   -0.3934    0.0142    0.4797  -1.52456641
    1.3243   -0.1841   -0.3088    0.0209    0.4787  -1.52456641
    1.3404   -0.1883   -0.2143    0.0285    0.4705  -1.52456641
    1.3587   -0.1912   -0.1111    0.0370    0.4528  -1.52456641
    1.3791   -0.1924   -0.0001    0.0460    0.4232  -1.52456641
    1.4013   -0.1911    0.1153    0.0549    0.3799  -1.52456641
    1.4234   -0.1873    0.2262    0.0627    0.3253  -1.52456641
    1.4483   -0.1802    0.3458    0.0699    0.2508  -1.52456641
    1.4740   -0.1697    0.4649    0.0752    0.1584  -1.52456641
    1.4962   -0.1583    0.5646    0.0777    0.0655  -1.52456641
    1.5142   -0.1475    0.6440    0.0781   -0.0196  -1.52456641
    1.5293   -0.1372    0.7106    0.0772   -0.0991  -1.52456641
    1.5442   -0.1261    0.7762    0.0751   -0.1852  -1.52456641
    1.5597   -0.1136    0.8454    0.0715   -0.2841  -1.52456653
    1.5753   -0.0998    0.9177    0.0662   -0.3960  -1.52456641
    1.5906   -0.0852    0.9925    0.0593   -0.5199  -1.52456653
    1.6050   -0.0704    1.0705    0.0508   -0.6553  -1.52456653
    1.6189   -0.0549    1.1568    0.0407   -0.8084  -1.52456665
    1.6256   -0.0470    1.2048    0.0349   -0.8933  -1.52456653
    1.6314   -0.0398    1.2510    0.0295   -0.9741  -1.52456653
    1.6365   -0.0334    1.2950    0.0244   -1.0492  -1.52456641
    1.6408   -0.0277    1.3369    0.0197   -1.1187  -1.52456629
    1.6447   -0.0225    1.3759    0.0153   -1.1813  -1.52456617
    1.6480   -0.0178    1.4102    0.0112   -1.2341  -1.52456641
    1.6514   -0.0130    1.4424    0.0070   -1.2812  -1.52456629
    1.6545   -0.0085    1.4660    0.0029   -1.3132  -1.52456653
    1.6569   -0.0050    1.4764   -0.0002   -1.3254  -1.52456653
    1.6609    0.0010    1.4744   -0.0056   -1.3177  -1.52456653
    1.6634    0.0046    1.4611   -0.0088   -1.2973  -1.52456653
    1.6663    0.0088    1.4365   -0.0125   -1.2631  -1.52456641
    1.6693    0.0131    1.4045   -0.0162   -1.2213  -1.52456653
    1.6724    0.0174    1.3689   -0.0199   -1.1774  -1.52456677
    1.6757    0.0219    1.3289   -0.0238   -1.1302  -1.52456665
    1.6796    0.0270    1.2828   -0.0281   -1.0782  -1.52456665
    1.6843    0.0329    1.2302   -0.0330   -1.0215  -1.52456689
    1.6900    0.0397    1.1702   -0.0387   -0.9599  -1.52456665
    1.6972    0.0479    1.1003   -0.0453   -0.8914  -1.52456677
    1.7064    0.0576    1.0208   -0.0531   -0.8172  -1.52456665
    1.7180    0.0690    0.9303   -0.0622   -0.7364  -1.52456677
    1.7307    0.0802    0.8428   -0.0711   -0.6611  -1.52456677
    1.7452    0.0917    0.7538   -0.0801   -0.5860  -1.52456677
    1.7613    0.1032    0.6648   -0.0889   -0.5115  -1.52456665
    1.7795    0.1144    0.5743   -0.0975   -0.4350  -1.52456665
    1.7998    0.1251    0.4833   -0.1055   -0.3559  -1.52456689
    1.8221    0.1349    0.3926   -0.1125   -0.2736  -1.52456677
    1.8466    0.1434    0.3019   -0.1181   -0.1860  -1.52456677
    1.8723    0.1500    0.2146   -0.1218   -0.0952  -1.52456677
    1.8986    0.1545    0.1319   -0.1230   -0.0017  -1.52456677
    1.9214    0.1568    0.0642   -0.1221    0.0810  -1.52456677
    1.9431    0.1575    0.0025   -0.1195    0.1614  -1.52456677
    1.9629    0.1570   -0.0524   -0.1156    0.2371  -1.52456677
    1.9823    0.1555   -0.1055   -0.1102    0.3135  -1.52456677
    2.0033    0.1527   -0.1635   -0.1028    0.3992  -1.52456677
    2.0256    0.1483   -0.2274   -0.0928    0.4943  -1.52456677
    2.0489    0.1422   -0.2992   -0.0801    0.5982  -1.52456677
    2.0684    0.1357   -0.3655   -0.0676    0.6875  -1.52456677
    2.0856    0.1289   -0.4318   -0.0551    0.7679  -1.52456677
    2.1005    0.1219   -0.4978   -0.0431    0.8370  -1.52456677
    2.1134    0.1151   -0.5630   -0.0319    0.8942  -1.52456665
    2.1247    0.1084   -0.6281   -0.0215    0.9398  -1.52456689
    2.1348    0.1017   -0.6934   -0.0119    0.9741  -1.52456665
    2.1448    0.0944   -0.7651   -0.0020    0.9986  -1.52456689
    2.1538    0.0872   -0.8357    0.0071    1.0091  -1.52456677
    2.1621    0.0800   -0.9035    0.0154    1.0055  -1.52456665
    2.1721    0.0706   -0.9866    0.0253    0.9804  -1.52456665
    2.1815    0.0610   -1.0609    0.0344    0.9339  -1.52456689
    2.1904    0.0512   -1.1228    0.0424    0.8697  -1.52456665
    2.1999    0.0402   -1.1752    0.0503    0.7834  -1.52456665
    2.2101    0.0281   -1.2120    0.0577    0.6798  -1.52456665
    2.2209    0.0149   -1.2307    0.0645    0.5643  -1.52456653
    2.2313    0.0021   -1.2312    0.0698    0.4545  -1.52456665
    2.2404   -0.0091   -1.2203    0.0735    0.3636  -1.52456665
    2.2492   -0.0198   -1.2019    0.0763    0.2811  -1.52456653
    2.2585   -0.0308   -1.1763    0.0786    0.2012  -1.52456665
    2.2689   -0.0429   -1.1418    0.0802    0.1197  -1.52456665
    2.2804   -0.0558   -1.0985    0.0811    0.0388  -1.52456665
    2.2924   -0.0687   -1.0500    0.0811   -0.0351  -1.52456665
    2.3045   -0.0810   -0.9985    0.0803   -0.1006  -1.52456665
    2.3174   -0.0936   -0.9416    0.0786   -0.1619  -1.52456653
    2.3342   -0.1088   -0.8668    0.0753   -0.2292  -1.52456653
    2.3536   -0.1248   -0.7801    0.0702   -0.2925  -1.52456665
    2.3751   -0.1405   -0.6850    0.0633   -0.3476  -1.52456665
    2.3970   -0.1545   -0.5899    0.0552   -0.3905  -1.52456665
    2.4193   -0.1665   -0.4954    0.0461   -0.4226  -1.52456665
    2.4417   -0.1766   -0.4021    0.0364   -0.4455  -1.52456665
    2.4643   -0.1847   -0.3105    0.0261   -0.4601  -1.52456665
    2.4867   -0.1906   -0.2215    0.0157   -0.4676  -1.52456665
    2.5085   -0.1945   -0.1363    0.0055   -0.4691  -1.52456665
    2.5291   -0.1965   -0.0568   -0.0041   -0.4657  -1.52456677
    2.5478   -0.1969    0.0148   -0.0128   -0.4589  -1.52456665
    2.5655   -0.1960    0.0825   -0.0208   -0.4492  -1.52456677
    2.5851   -0.1937    0.1569   -0.0295   -0.4351  -1.52456665
    2.6066   -0.1894    0.2389   -0.0386   -0.4153  -1.52456665
    2.6296   -0.1829    0.3272   -0.0479   -0.3890  -1.52456677
    2.6537   -0.1739    0.4209   -0.0569   -0.3550  -1.52456665
    2.6784   -0.1623    0.5187   -0.0651   -0.3124  -1.52456665
    2.7032   -0.1482    0.6193   -0.0723   -0.2601  -1.52456665
    2.7276   -0.1318    0.7211   -0.0779   -0.1970  -1.52456665
    2.7513   -0.1136    0.8224   -0.0817   -0.1215  -1.52456677
    2.7739   -0.0938    0.9215   -0.0834   -0.0319  -1.52456665
    2.7892   -0.0792    0.9887   -0.0834    0.0410  -1.52456677
    2.8018   -0.0664    1.0437   -0.0824    0.1106  -1.52456665
    2.8138   -0.0536    1.0946   -0.0807    0.1864  -1.52456665
    2.8252   -0.0408    1.1408   -0.0781    0.2692  -1.52456665
    2.8357   -0.0287    1.1791   -0.0748    0.3552  -1.52456641
    2.8464   -0.0159    1.2120   -0.0705    0.4545  -1.52456641
    2.8561   -0.0040    1.2333   -0.0656    0.5558  -1.52456641
    2.8642    0.0061    1.2418   -0.0607    0.6471  -1.52456641
    2.8721    0.0158    1.2390   -0.0553    0.7401  -1.52456665
    2.8807    0.0264    1.2200   -0.0485    0.8437  -1.52456665
    2.8892    0.0366    1.1821   -0.0409    0.9406  -1.52456665
    2.8973    0.0460    1.1278   -0.0329    1.0201  -1.52456653
    2.9049    0.0544    1.0634   -0.0249    1.0759  -1.52456653
    2.9127    0.0624    0.9899   -0.0164    1.1102  -1.52456653
    2.9202    0.0695    0.9175   -0.0080    1.1219  -1.52456629
    2.9283    0.0766    0.8418    0.0011    1.1149  -1.52456641
    2.9346    0.0818    0.7867    0.0081    1.0984  -1.52456641
    2.9409    0.0866    0.7364    0.0149    1.0753  -1.52456641
    2.9476    0.0913    0.6877    0.0220    1.0454  -1.52456629
    2.9550    0.0962    0.6386    0.0296    1.0078  -1.52456617
    2.9634    0.1014    0.5894    0.0379    0.9623  -1.52456629
    2.9730    0.1068    0.5397    0.0468    0.9084  -1.52456617
    2.9840    0.1124    0.4896    0.0565    0.8457  -1.52456605
    2.9967    0.1183    0.4389    0.0668    0.7740  -1.52456617
    3.0115    0.1244    0.3869    0.0776    0.6927  -1.52456617
    3.0290    0.1307    0.3322    0.0889    0.6005  -1.52456605
    3.0497    0.1370    0.2732    0.1003    0.4967  -1.52456617
    3.0728    0.1426    0.2115    0.1105    0.3874  -1.52456617
    3.0971    0.1469    0.1482    0.1186    0.2787  -1.52456617
    3.1223    0.1499    0.0820    0.1242    0.1719  -1.52456605
    3.1477    0.1511    0.0129    0.1273    0.0694  -1.52456617
    3.1692    0.1507   -0.0486    0.1279   -0.0142  -1.52456617
    3.1900    0.1490   -0.1117    0.1268   -0.0932  -1.52456605
    3.2106    0.1461   -0.1782    0.1241   -0.1698  -1.52456617
    3.2337    0.1410   -0.2592    0.1191   -0.2555  -1.52456605
    3.2586    0.1334   -0.3547    0.1116   -0.3478  -1.52456605
    3.2841    0.1230   -0.4650    0.1015   -0.4454  -1.52456617
    3.3088    0.1100   -0.5866    0.0893   -0.5452  -1.52456605
    3.3285    0.0974   -0.6983    0.0777   -0.6322  -1.52456617
    3.3463    0.0839   -0.8149    0.0657   -0.7203  -1.52456617
    3.3615    0.0707   -0.9309    0.0541   -0.8068  -1.52456641
    3.3741    0.0583   -1.0441    0.0434   -0.8907  -1.52456641
    3.3814    0.0503   -1.1199    0.0367   -0.9468  -1.52456629
    3.3877    0.0431   -1.1924    0.0306   -1.0002  -1.52456629
    3.3931    0.0365   -1.2605    0.0251   -1.0497  -1.52456617
    3.3977    0.0306   -1.3247    0.0202   -1.0951  -1.52456629
    3.4018    0.0250   -1.3864    0.0156   -1.1367  -1.52456629
    3.4053    0.0201   -1.4410    0.0116   -1.1705  -1.52456641
    3.4088    0.0149   -1.4951    0.0074   -1.1987  -1.52456641
    3.4120    0.0100   -1.5390    0.0035   -1.2134  -1.52456653
    3.4146    0.0060   -1.5661    0.0004   -1.2132  -1.52456665
    3.4188   -0.0007   -1.5885   -0.0047   -1.1841  -1.52456665
    3.4212   -0.0044   -1.5879   -0.0074   -1.1538  -1.52456641
    3.4239   -0.0087   -1.5777   -0.0105   -1.1098  -1.52456653
    3.4270   -0.0136   -1.5571   -0.0139   -1.0530  -1.52456665
    3.4300   -0.0182   -1.5321   -0.0170   -0.9963  -1.52456629
    3.4333   -0.0232   -1.5024   -0.0201   -0.9358  -1.52456641
    3.4370   -0.0287   -1.4675   -0.0235   -0.8698  -1.52456629
    3.4414   -0.0351   -1.4265   -0.0272   -0.7968  -1.52456641
    3.4468   -0.0427   -1.3790   -0.0313   -0.7162  -1.52456617
    3.4535   -0.0517   -1.3238   -0.0357   -0.6266  -1.52456617
    3.4619   -0.0625   -1.2598   -0.0406   -0.5278  -1.52456641
    3.4721   -0.0751   -1.1875   -0.0454   -0.4222  -1.52456629
    3.4829   -0.0875   -1.1169   -0.0494   -0.3252  -1.52456629
    3.4943   -0.0998   -1.0467   -0.0526   -0.2348  -1.52456629
    3.5064   -0.1121   -0.9755   -0.0549   -0.1497  -1.52456641
    3.5192   -0.1240   -0.9036   -0.0563   -0.0703  -1.52456629
    3.5323   -0.1354   -0.8310   -0.0568    0.0031  -1.52456641
    3.5455   -0.1459   -0.7600   -0.0563    0.0685  -1.52456629
    3.5577   -0.1548   -0.6946   -0.0551    0.1232  -1.52456629
    3.5718   -0.1641   -0.6197   -0.0530    0.1796  -1.52456629
    3.5887   -0.1738   -0.5305   -0.0494    0.2385  -1.52456641
    3.6083   -0.1832   -0.4269   -0.0442    0.2960  -1.52456641
    3.6307   -0.1914   -0.3082   -0.0369    0.3483  -1.52456629
    3.6535   -0.1970   -0.1862   -0.0285    0.3877  -1.52456629
    3.6762   -0.1999   -0.0632   -0.0194    0.4135  -1.52456617
    3.6981   -0.1999    0.0575   -0.0102    0.4256  -1.52456629
    3.7189   -0.1975    0.1729   -0.0013    0.4253  -1.52456617
    3.7344   -0.1942    0.2605    0.0053    0.4173  -1.52456629
    3.7497   -0.1895    0.3473    0.0115    0.4029  -1.52456641
    3.7652   -0.1835    0.4368    0.0176    0.3812  -1.52456629
    3.7820   -0.1753    0.5352    0.0237    0.3491  -1.52456629
    3.7996   -0.1649    0.6406    0.0295    0.3051  -1.52456629
    3.8174   -0.1526    0.7496    0.0345    0.2487  -1.52456641
    3.8348   -0.1386    0.8592    0.0382    0.1804  -1.52456641
    3.8483   -0.1263    0.9474    0.0402    0.1165  -1.52456629
    3.8599   -0.1149    1.0254    0.0412    0.0532  -1.52456617
    3.8694   -0.1049    1.0915    0.0415   -0.0058  -1.52456617
    3.8771   -0.0963    1.1468    0.0412   -0.0590  -1.52456617
    3.8849   -0.0872    1.2042    0.0405   -0.1184  -1.52456617
    3.8927   -0.0774    1.2649    0.0393   -0.1859  -1.52456617
    3.9009   -0.0668    1.3307    0.0375   -0.2653  -1.52456629
    3.9090   -0.0557    1.3993    0.0350   -0.3560  -1.52456629
    3.9172   -0.0440    1.4718    0.0316   -0.4627  -1.52456629
    3.9235   -0.0346    1.5286    0.0285   -0.5572  -1.52456605
    3.9284   -0.0270    1.5732    0.0255   -0.6421  -1.52456605
    3.9326   -0.0203    1.6094    0.0226   -0.7226  -1.52456629
    3.9366   -0.0139    1.6386    0.0196   -0.8042  -1.52456629
    3.9406   -0.0072    1.6594    0.0162   -0.8915  -1.52456641
    3.9442   -0.0012    1.6646    0.0129   -0.9695  -1.52456641
    3.9469    0.0033    1.6567    0.0102   -1.0219  -1.52456641
    3.9496    0.0077    1.6370    0.0074   -1.0656  -1.52456629
    3.9524    0.0122    1.6050    0.0044   -1.0987  -1.52456641
    3.9551    0.0166    1.5634    0.0013   -1.1185  -1.52456629
    3.9580    0.0209    1.5148   -0.0019   -1.1263  -1.52456629
    3.9610    0.0254    1.4604   -0.0053   -1.1239  -1.52456641
    3.9639    0.0297    1.4066   -0.0086   -1.1140  -1.52456617
    3.9670    0.0339    1.3534   -0.0120   -1.0989  -1.52456605
    3.9703    0.0383    1.2976   -0.0156   -1.0790  -1.52456605
    3.9742    0.0432    1.2386   -0.0197   -1.0542  -1.52456605
    3.9786    0.0485    1.1758   -0.0243   -1.0247  -1.52456641
    3.9838    0.0545    1.1083   -0.0295   -0.9900  -1.52456617
    3.9900    0.0612    1.0351   -0.0356   -0.9496  -1.52456617
    3.9977    0.0687    0.9556   -0.0427   -0.9031  -1.52456605
    4.0072    0.0774    0.8675   -0.0510   -0.8488  -1.52456617
    4.0193    0.0873    0.7691   -0.0609   -0.7850  -1.52456617
    4.0334    0.0974    0.6697   -0.0715   -0.7170  -1.52456617
    4.0493    0.1073    0.5707   -0.0823   -0.6453  -1.52456629
    4.0674    0.1167    0.4713   -0.0932   -0.5684  -1.52456629
    4.0876    0.1252    0.3730   -0.1039   -0.4862  -1.52456629
    4.1100    0.1324    0.2759   -0.1138   -0.3973  -1.52456629
    4.1341    0.1379    0.1826   -0.1223   -0.3025  -1.52456629
    4.1596    0.1415    0.0943   -0.1287   -0.2019  -1.52456641
    4.1852    0.1428    0.0142   -0.1325   -0.0987  -1.52456629
    4.2068    0.1425   -0.0480   -0.1337   -0.0091  -1.52456629
    4.2281    0.1408   -0.1051   -0.1329    0.0820  -1.52456629
    4.2487    0.1381   -0.1576   -0.1303    0.1743  -1.52456641
    4.2714    0.1339   -0.2127   -0.1252    0.2804  -1.52456629
    4.2954    0.1281   -0.2701   -0.1170    0.4001  -1.52456617
    4.3189    0.1211   -0.3267   -0.1062    0.5252  -1.52456617
    4.3408    0.1133   -0.3835   -0.0933    0.6518  -1.52456629
    4.3606    0.1052   -0.4415   -0.0792    0.7754  -1.52456629
    4.3755    0.0982   -0.4929   -0.0669    0.8751  -1.52456629
    4.3879    0.0918   -0.5438   -0.0554    0.9624  -1.52456629
    4.3988    0.0856   -0.5970   -0.0446    1.0409  -1.52456629
    4.4083    0.0796   -0.6534   -0.0343    1.1104  -1.52456617
    4.4164    0.0741   -0.7103   -0.0251    1.1668  -1.52456617
    4.4235    0.0689   -0.7686   -0.0167    1.2115  -1.52456617
    4.4306    0.0632   -0.8357   -0.0079    1.2473  -1.52456641
    4.4370    0.0576   -0.9039    0.0001    1.2668  -1.52456641
    4.4431    0.0519   -0.9729    0.0079    1.2683  -1.52456629
    4.4483    0.0467   -1.0317    0.0144    1.2532  -1.52456617
    4.4538    0.0409   -1.0902    0.0212    1.2189  -1.52456629
    4.4591    0.0350   -1.1389    0.0276    1.1690  -1.52456594
    4.4652    0.0279   -1.1813    0.0345    1.0966  -1.52456629
    4.4715    0.0204   -1.2087    0.0411    1.0122  -1.52456582
    4.4781    0.0123   -1.2214    0.0475    0.9209  -1.52456617
    4.4847    0.0042   -1.2210    0.0533    0.8319  -1.52456605
    4.4910   -0.0034   -1.2116    0.0583    0.7526  -1.52456605
    4.4972   -0.0108   -1.1963    0.0627    0.6806  -1.52456617
    4.5033   -0.0181   -1.1771    0.0666    0.6151  -1.52456594
    4.5101   -0.0260   -1.1521    0.0706    0.5476  -1.52456594
    4.5181   -0.0351   -1.1200    0.0747    0.4765  -1.52456594
    4.5274   -0.0453   -1.0805    0.0788    0.4026  -1.52456605
    4.5380   -0.0566   -1.0336    0.0826    0.3278  -1.52456570
    4.5504   -0.0690   -0.9788    0.0862    0.2516  -1.52456594
    4.5648   -0.0826   -0.9155    0.0893    0.1747  -1.52456594
    4.5814   -0.0973   -0.8438    0.0915    0.0974  -1.52456594
    4.6006   -0.1127   -0.7638    0.0926    0.0205  -1.52456594
    4.6205   -0.1271   -0.6837    0.0923   -0.0492  -1.52456594
    4.6390   -0.1391   -0.6115    0.0909   -0.1071  -1.52456582
    4.6584   -0.1502   -0.5378    0.0882   -0.1621  -1.52456594
    4.6807   -0.1613   -0.4555    0.0840   -0.2196  -1.52456594
    4.7069   -0.1720   -0.3608    0.0774   -0.2811  -1.52456594
    4.7351   -0.1807   -0.2604    0.0686   -0.3411  -1.52456582
    4.7635   -0.1867   -0.1593    0.0581   -0.3961  -1.52456594
    4.7915   -0.1898   -0.0587    0.0464   -0.4447  -1.52456594
    4.8183   -0.1900    0.0400    0.0339   -0.4856  -1.52456594
    4.8434   -0.1878    0.1355    0.0213   -0.5179  -1.52456594
    4.8641   -0.1842    0.2170    0.0103   -0.5391  -1.52456594
    4.8824   -0.1795    0.2912    0.0003   -0.5527  -1.52456582
    4.8973   -0.1747    0.3535   -0.0079   -0.5596  -1.52456594
    4.9117   -0.1692    0.4158   -0.0161   -0.5621  -1.52456582
    4.9272   -0.1622    0.4843   -0.0248   -0.5593  -1.52456594
    4.9442   -0.1533    0.5614   -0.0342   -0.5487  -1.52456582
    4.9625   -0.1423    0.6465   -0.0441   -0.5269  -1.52456582
    4.9820   -0.1288    0.7385   -0.0540   -0.4900  -1.52456594
    5.0027   -0.1125    0.8360   -0.0636   -0.4328  -1.52456594
    5.0213   -0.0961    0.9218   -0.0710   -0.3631  -1.52456594
    5.0383   -0.0798    0.9962   -0.0765   -0.2828  -1.52456594
    5.0555   -0.0621    1.0649   -0.0806   -0.1843  -1.52456582
    5.0695   -0.0469    1.1135   -0.0825   -0.0913  -1.52456594
    5.0821   -0.0325    1.1497   -0.0831    0.0029  -1.52456594
    5.0930   -0.0199    1.1736   -0.0826    0.0912  -1.52456570
    5.1050   -0.0057    1.1901   -0.0808    0.1947  -1.52456570
    5.1181    0.0099    1.1941   -0.0775    0.3131  -1.52456582
    5.1310    0.0252    1.1813   -0.0727    0.4315  -1.52456582
    5.1450    0.0415    1.1467   -0.0658    0.5566  -1.52456570
    5.1583    0.0565    1.0935   -0.0577    0.6640  -1.52456570
    5.1713    0.0702    1.0249   -0.0485    0.7509  -1.52456570
    5.1848    0.0836    0.9406   -0.0378    0.8174  -1.52456570
    5.1984    0.0957    0.8495   -0.0264    0.8573  -1.52456570
    5.2117    0.1064    0.7603   -0.0149    0.8722  -1.52456582
    5.2240    0.1153    0.6809   -0.0042    0.8682  -1.52456570
    5.2342    0.1219    0.6189    0.0046    0.8547  -1.52456594
    5.2442    0.1278    0.5618    0.0131    0.8347  -1.52456594
    5.2540    0.1331    0.5099    0.0211    0.8102  -1.52456594
    5.2650    0.1384    0.4555    0.0299    0.7784  -1.52456594
    5.2774    0.1437    0.3990    0.0393    0.7388  -1.52456594
    5.2913    0.1488    0.3406    0.0492    0.6911  -1.52456594
    5.3071    0.1537    0.2799    0.0597    0.6349  -1.52456594
    5.3248    0.1581    0.2174    0.0704    0.5709  -1.52456582
    5.3449    0.1618    0.1515    0.0811    0.4980  -1.52456582
    5.3676    0.1644    0.0814    0.0915    0.4165  -1.52456582
    5.3933    0.1655    0.0055    0.1010    0.3262  -1.52456582
    5.4168    0.1649   -0.0630    0.1077    0.2453  -1.52456570
    5.4396    0.1627   -0.1299    0.1125    0.1680  -1.52456582
    5.4644    0.1585   -0.2041    0.1156    0.0854  -1.52456582
    5.4918    0.1518   -0.2899    0.1167   -0.0059  -1.52456582
    5.5117    0.1453   -0.3556    0.1159   -0.0728  -1.52456570
    5.5319    0.1375   -0.4256    0.1137   -0.1418  -1.52456594
    5.5526    0.1279   -0.5025    0.1100   -0.2154  -1.52456582
    5.5739    0.1163   -0.5874    0.1046   -0.2955  -1.52456582
    5.5946    0.1032   -0.6777    0.0976   -0.3804  -1.52456582
    5.6141    0.0891   -0.7708    0.0894   -0.4698  -1.52456594
    5.6297    0.0764   -0.8532    0.0814   -0.5523  -1.52456594
    5.6455    0.0623   -0.9440    0.0720   -0.6494  -1.52456605
    5.6576    0.0504   -1.0207    0.0636   -0.7388  -1.52456594
    5.6671    0.0404   -1.0855    0.0561   -0.8224  -1.52456594
    5.6751    0.0314   -1.1429    0.0493   -0.9050  -1.52456605
    5.6819    0.0235   -1.1930    0.0428   -0.9873  -1.52456617
    5.6874    0.0168   -1.2334    0.0372   -1.0644  -1.52456570
    5.6921    0.0109   -1.2656    0.0320   -1.1383  -1.52456617
    5.6962    0.0057   -1.2897    0.0272   -1.2091  -1.52456594
    5.6999    0.0008   -1.3052    0.0225   -1.2760  -1.52456605
    5.7036   -0.0039   -1.3109    0.0178   -1.3408  -1.52456605
    5.7072   -0.0087   -1.3033    0.0128   -1.3971  -1.52456617
    5.7105   -0.0129   -1.2831    0.0082   -1.4334  -1.52456617
    5.7135   -0.0168   -1.2535    0.0038   -1.4500  -1.52456605
    5.7163   -0.0202   -1.2201   -0.0003   -1.4493  -1.52456629
    5.7192   -0.0237   -1.1837   -0.0044   -1.4351  -1.52456605
    5.7226   -0.0277   -1.1392   -0.0093   -1.4046  -1.52456617
    5.7258   -0.0312   -1.1009   -0.0137   -1.3688  -1.52456617
    5.7291   -0.0348   -1.0643   -0.0182   -1.3274  -1.52456641
    5.7328   -0.0386   -1.0278   -0.0229   -1.2795  -1.52456629
    5.7370   -0.0429   -0.9907   -0.0282   -1.2244  -1.52456641
    5.7419   -0.0476   -0.9528   -0.0340   -1.1616  -1.52456617
    5.7478   -0.0532   -0.9132   -0.0407   -1.0889  -1.52456617
    5.7551   -0.0597   -0.8715   -0.0484   -1.0054  -1.52456629
    5.7641   -0.0673   -0.8275   -0.0570   -0.9105  -1.52456629
    5.7756   -0.0765   -0.7796   -0.0668   -0.8009  -1.52456617
    5.7889   -0.0866   -0.7309   -0.0767   -0.6861  -1.52456617
    5.8042   -0.0974   -0.6802   -0.0862   -0.5672  -1.52456617
    5.8221   -0.1090   -0.6245   -0.0953   -0.4415  -1.52456629
    5.8429   -0.1214   -0.5614   -0.1031   -0.3095  -1.52456617
    5.8658   -0.1335   -0.4915   -0.1086   -0.1786  -1.52456629
    5.8896   -0.1442   -0.4160   -0.1114   -0.0552  -1.52456617
    5.9131   -0.1531   -0.3370   -0.1113    0.0565  -1.52456617
    5.9362   -0.1600   -0.2544   -0.1089    0.1571  -1.52456617
    5.9600   -0.1649   -0.1629   -0.1040    0.2521  -1.52456629
    5.9870   -0.1678   -0.0495   -0.0958    0.3505  -1.52456617
    6.0086   -0.1678    0.0495   -0.0875    0.4219  -1.52456629
    6.0299   -0.1657    0.1554   -0.0778    0.4855  -1.52456617
    6.0500   -0.1614    0.2645   -0.0675    0.5392  -1.52456617
    6.0709   -0.1547    0.3883   -0.0557    0.5873  -1.52456617
    6.0901   -0.1460    0.5140   -0.0441    0.6235  -1.52456629
    6.1065   -0.1366    0.6324   -0.0336    0.6468  -1.52456629
    6.1206   -0.1270    0.7435   -0.0244    0.6595  -1.52456617
    6.1326   -0.1174    0.8473   -0.0164    0.6633  -1.52456617
    6.1429   -0.1082    0.9427   -0.0097    0.6598  -1.52456617
    6.1515   -0.0997    1.0292   -0.0040    0.6504  -1.52456641
    6.1586   -0.0921    1.1055    0.0006    0.6370  -1.52456594
    6.1644   -0.0855    1.1705    0.0042    0.6214  -1.52456617
    6.1701   -0.0787    1.2378    0.0077    0.6007  -1.52456617
    6.1760   -0.0711    1.3113    0.0112    0.5723  -1.52456605
    6.1823   -0.0626    1.3923    0.0147    0.5328  -1.52456594
    6.1888   -0.0534    1.4780    0.0179    0.4792  -1.52456605
    6.1954   -0.0433    1.5672    0.0209    0.4062  -1.52456617
    6.2005   -0.0352    1.6331    0.0228    0.3357  -1.52456617
    6.2051   -0.0275    1.6885    0.0242    0.2583  -1.52456629
    6.2099   -0.0193    1.7368    0.0252    0.1651  -1.52456617
    6.2143   -0.0115    1.7693    0.0257    0.0677  -1.52456629
    6.2185   -0.0041    1.7855    0.0258   -0.0301  -1.52456653
    6.2217    0.0017    1.7870    0.0256   -0.1091  -1.52456629
    6.2249    0.0075    1.7784    0.0251   -0.1869  -1.52456653
    6.2284    0.0136    1.7585    0.0243   -0.2668  -1.52456641
    6.2325    0.0208    1.7217    0.0230   -0.3551  -1.52456653
    6.2374    0.0290    1.6649    0.0210   -0.4450  -1.52456629
    6.2421    0.0368    1.6009    0.0188   -0.5170  -1.52456641
    6.2472    0.0447    1.5279    0.0160   -0.5781  -1.52456641
    6.2530    0.0533    1.4431    0.0125   -0.6309  -1.52456629
    6.2594    0.0622    1.3507    0.0083   -0.6727  -1.52456629
    6.2654    0.0701    1.2685    0.0042   -0.6995  -1.52456617
    6.2712    0.0772    1.1940    0.0001   -0.7167  -1.52456617
    6.2767    0.0836    1.1265   -0.0039   -0.7273  -1.52456617
    6.2816    0.0890    1.0687   -0.0075   -0.7330  -1.52456617
    6.2873    0.0949    1.0062   -0.0117   -0.7359  -1.52456617
    6.2939    0.1013    0.9374   -0.0165   -0.7354  -1.52456605
    6.3016    0.1082    0.8619   -0.0222   -0.7308  -1.52456605
    6.3107    0.1157    0.7794   -0.0288   -0.7210  -1.52456605
    6.3212    0.1234    0.6914   -0.0363   -0.7052  -1.52456617
    6.3333    0.1312    0.5976   -0.0447   -0.6824  -1.52456605
    6.3472    0.1388    0.4990   -0.0539   -0.6516  -1.52456605
    6.3632    0.1459    0.3955   -0.0641   -0.6115  -1.52456605
    6.3816    0.1522    0.2870   -0.0749   -0.5602  -1.52456605
    6.4027    0.1571    0.1747   -0.0860   -0.4958  -1.52456617
    6.4248    0.1597    0.0680   -0.0962   -0.4224  -1.52456617
    6.4473    0.1601   -0.0304   -0.1048   -0.3423  -1.52456605
    6.4689    0.1585   -0.1174   -0.1113   -0.2594  -1.52456617
    6.4897    0.1553   -0.1946   -0.1158   -0.1744  -1.52456617
    6.5131    0.1498   -0.2748   -0.1187   -0.0723  -1.52456605
    6.5366    0.1424   -0.3496   -0.1191    0.0380  -1.52456605
    6.5573    0.1345   -0.4111   -0.1173    0.1423  -1.52456617
    6.5776    0.1256   -0.4687   -0.1133    0.2523  -1.52456617
    6.5989    0.1150   -0.5276   -0.1066    0.3783  -1.52456617
    6.6211    0.1026   -0.5885   -0.0966    0.5225  -1.52456617
    6.6393    0.0914   -0.6409   -0.0860    0.6544  -1.52456617
    6.6547    0.0812   -0.6896   -0.0749    0.7786  -1.52456641
    6.6679    0.0717   -0.7374   -0.0638    0.8973  -1.52456617
    6.6792    0.0632   -0.7857   -0.0531    1.0095  -1.52456617
    6.6876    0.0564   -0.8287   -0.0443    1.1002  -1.52456617
    6.6946    0.0505   -0.8719   -0.0363    1.1819  -1.52456617
    6.7006    0.0451   -0.9162   -0.0290    1.2554  -1.52456617
    6.7059    0.0401   -0.9627   -0.0221    1.3217  -1.52456617
    6.7103    0.0358   -1.0084   -0.0162    1.3759  -1.52456605
    6.7143    0.0317   -1.0544   -0.0107    1.4192  -1.52456605
    6.7182    0.0275   -1.1050   -0.0050    1.4531  -1.52456617
    6.7219    0.0233   -1.1542    0.0004    1.4697  -1.52456617
    6.7244    0.0203   -1.1865    0.0041    1.4692  -1.52456617
    6.7274    0.0167   -1.2201    0.0085    1.4539  -1.52456594
    6.7301    0.0134   -1.2437    0.0124    1.4265  -1.52456605
    6.7333    0.0094   -1.2614    0.0169    1.3811  -1.52456605
    6.7368    0.0050   -1.2683    0.0216    1.3220  -1.52456605
    6.7405    0.0003   -1.2644    0.0263    1.2555  -1.52456617
    6.7437   -0.0037   -1.2541    0.0303    1.1979  -1.52456594
    6.7468   -0.0076   -1.2399    0.0339    1.1443  -1.52456594
    6.7502   -0.0118   -1.2214    0.0377    1.0894  -1.52456594
    6.7541   -0.0166   -1.1975    0.0419    1.0304  -1.52456594
    6.7588   -0.0220   -1.1677    0.0465    0.9675  -1.52456570
    6.7642   -0.0283   -1.1316    0.0516    0.9012  -1.52456582
    6.7707   -0.0355   -1.0895    0.0572    0.8323  -1.52456582
    6.7784   -0.0437   -1.0397    0.0634    0.7595  -1.52456570
    6.7877   -0.0532   -0.9826    0.0701    0.6837  -1.52456594
    6.7992   -0.0640   -0.9165    0.0774    0.6037  -1.52456582
    6.8130   -0.0762   -0.8419    0.0852    0.5202  -1.52456594
    6.8285   -0.0886   -0.7647    0.0926    0.4390  -1.52456582
    6.8456   -0.1010   -0.6862    0.0994    0.3600  -1.52456582
    6.8642   -0.1130   -0.6069    0.1054    0.2822  -1.52456582
    6.8844   -0.1245   -0.5271    0.1103    0.2045  -1.52456582
    6.9063   -0.1351   -0.4471    0.1139    0.1261  -1.52456570
    6.9292   -0.1444   -0.3682    0.1159    0.0471  -1.52456570
    6.9526   -0.1521   -0.2926    0.1160   -0.0310  -1.52456594
    6.9754   -0.1580   -0.2220    0.1145   -0.1065  -1.52456594
    6.9986   -0.1623   -0.1525    0.1111   -0.1832  -1.52456594
    7.0251   -0.1654   -0.0746    0.1051   -0.2716  -1.52456594
    7.0533   -0.1663    0.0083    0.0961   -0.3669  -1.52456582
    7.0791   -0.1651    0.0864    0.0855   -0.4559  -1.52456582
    7.1026   -0.1622    0.1614    0.0738   -0.5375  -1.52456582
    7.1254   -0.1576    0.2398    0.0607   -0.6161  -1.52456594
    7.1451   -0.1522    0.3145    0.0479   -0.6825  -1.52456594
    7.1624   -0.1461    0.3873    0.0356   -0.7376  -1.52456582
    7.1779   -0.1396    0.4588    0.0238   -0.7817  -1.52456594
    7.1917   -0.1328    0.5291    0.0128   -0.8148  -1.52456594
    7.2053   -0.1250    0.6045    0.0015   -0.8386  -1.52456582
    7.2157   -0.1184    0.6663   -0.0073   -0.8488  -1.52456594
    7.2260   -0.1113    0.7296   -0.0160   -0.8501  -1.52456594
    7.2371   -0.1028    0.8010   -0.0254   -0.8397  -1.52456594
    7.2512   -0.0908    0.8917   -0.0371   -0.8056  -1.52456570
    7.2645   -0.0784    0.9732   -0.0474   -0.7501  -1.52456594
    7.2782   -0.0646    1.0474   -0.0572   -0.6701  -1.52456570
    7.2924   -0.0492    1.1090   -0.0660   -0.5661  -1.52456605
    7.3089   -0.0305    1.1562   -0.0742   -0.4281  -1.52456594
    7.3247   -0.0121    1.1761   -0.0799   -0.2886  -1.52456594
    7.3402    0.0062    1.1733   -0.0833   -0.1518  -1.52456594
    7.3529    0.0210    1.1568   -0.0845   -0.0450  -1.52456570
    7.3654    0.0353    1.1301   -0.0845    0.0532  -1.52456570
    7.3787    0.0501    1.0920   -0.0831    0.1497  -1.52456570
    7.3923    0.0646    1.0451   -0.0805    0.2378  -1.52456594
    7.4072    0.0798    0.9861   -0.0763    0.3225  -1.52456582
    7.4233    0.0951    0.9165   -0.0704    0.3994  -1.52456594
    7.4408    0.1104    0.8360   -0.0628    0.4664  -1.52456582
    7.4598    0.1255    0.7458   -0.0534    0.5211  -1.52456594
    7.4807    0.1400    0.6461   -0.0421    0.5616  -1.52456570
    7.5015    0.1525    0.5481   -0.0301    0.5843  -1.52456582
    7.5214    0.1624    0.4571   -0.0184    0.5922  -1.52456582
    7.5403    0.1703    0.3739   -0.0072    0.5895  -1.52456582
    7.5580    0.1762    0.2984    0.0032    0.5793  -1.52456570
    7.5743    0.1805    0.2316    0.0125    0.5648  -1.52456570
    7.5896    0.1836    0.1706    0.0210    0.5473  -1.52456570
    7.6066    0.1860    0.1049    0.0301    0.5243  -1.52456570
    7.6256    0.1873    0.0339    0.0398    0.4949  -1.52456582
    7.6467    0.1872   -0.0430    0.0498    0.4583  -1.52456582
    7.6699    0.1852   -0.1255    0.0600    0.4141  -1.52456570
    7.6948    0.1810   -0.2126    0.0696    0.3627  -1.52456582
    7.7213    0.1741   -0.3049    0.0785    0.3036  -1.52456582
    7.7491    0.1643   -0.4023    0.0860    0.2365  -1.52456594
    7.7775    0.1514   -0.5037    0.0917    0.1615  -1.52456570
    7.8020    0.1380   -0.5936    0.0948    0.0902  -1.52456570
    7.8230    0.1247   -0.6736    0.0960    0.0222  -1.52456582
    7.8402    0.1126   -0.7413    0.0958   -0.0396  -1.52456582
    7.8575    0.0992   -0.8116    0.0946   -0.1090  -1.52456570
    7.8739    0.0852   -0.8806    0.0922   -0.1838  -1.52456570
    7.8919    0.0688   -0.9580    0.0880   -0.2786  -1.52456582
    7.9071    0.0536   -1.0249    0.0831   -0.3739  -1.52456570
    7.9202    0.0399   -1.0814    0.0776   -0.4697  -1.52456570
    7.9310    0.0279   -1.1260    0.0720   -0.5622  -1.52456558
    7.9403    0.0173   -1.1605    0.0664   -0.6532  -1.52456546
    7.9482    0.0080   -1.1849    0.0609   -0.7405  -1.52456546
    7.9550   -0.0000   -1.1996    0.0556   -0.8229  -1.52456534
    7.9605   -0.0067   -1.2056    0.0508   -0.8956  -1.52456558
    7.9659   -0.0133   -1.2040    0.0458   -0.9701  -1.52456546
    7.9721   -0.0207   -1.1905    0.0395   -1.0570  -1.52456570
    7.9786   -0.0283   -1.1597    0.0323   -1.1449  -1.52456558
    7.9844   -0.0349   -1.1171    0.0256   -1.2122  -1.52456558
    7.9901   -0.0411   -1.0613    0.0184   -1.2631  -1.52456546
    7.9961   -0.0473   -0.9945    0.0108   -1.2935  -1.52456558
    8.0015   -0.0524   -0.9316    0.0038   -1.3010  -1.52456534
    8.0074   -0.0578   -0.8644   -0.0039   -1.2904  -1.52456534
    8.0126   -0.0622   -0.8096   -0.0106   -1.2689  -1.52456546
    8.0178   -0.0662   -0.7602   -0.0171   -1.2398  -1.52456534
    8.0233   -0.0703   -0.7139   -0.0238   -1.2038  -1.52456546
    8.0294   -0.0745   -0.6686   -0.0310   -1.1601  -1.52456546
    8.0363   -0.0789   -0.6236   -0.0388   -1.1079  -1.52456522
    8.0442   -0.0837   -0.5796   -0.0474   -1.0477  -1.52456522
    8.0534   -0.0888   -0.5357   -0.0567   -0.9782  -1.52456534
    8.0643   -0.0944   -0.4919   -0.0669   -0.8992  -1.52456522
    8.0773   -0.1005   -0.4474   -0.0780   -0.8091  -1.52456522
    8.0928   -0.1071   -0.4014   -0.0897   -0.7075  -1.52456534
    8.1102   -0.1137   -0.3556   -0.1011   -0.6006  -1.52456534
    8.1294   -0.1200   -0.3093   -0.1116   -0.4911  -1.52456534
    8.1506   -0.1261   -0.2603   -0.1208   -0.3781  -1.52456534
    8.1737   -0.1315   -0.2067   -0.1282   -0.2623  -1.52456534
    8.1987   -0.1359   -0.1470   -0.1332   -0.1449  -1.52456534
    8.2244   -0.1388   -0.0814   -0.1355   -0.0300  -1.52456534
    8.2501   -0.1400   -0.0105   -0.1348    0.0799  -1.52456534
    8.2707   -0.1396    0.0511   -0.1323    0.1652  -1.52456522
    8.2910   -0.1379    0.1171   -0.1281    0.2476  -1.52456534
    8.3120   -0.1347    0.1914   -0.1220    0.3318  -1.52456522
    8.3341   -0.1295    0.2781   -0.1137    0.4205  -1.52456534
    8.3571   -0.1220    0.3789   -0.1030    0.5137  -1.52456534
    8.3792   -0.1124    0.4895   -0.0906    0.6064  -1.52456534
    8.3975   -0.1025    0.5948   -0.0787    0.6877  -1.52456546
    8.4137   -0.0921    0.7007   -0.0670    0.7640  -1.52456546
    8.4278   -0.0814    0.8077   -0.0557    0.8364  -1.52456546
    8.4397   -0.0712    0.9120   -0.0454    0.9028  -1.52456546
    8.4483   -0.0630    0.9994   -0.0374    0.9552  -1.52456546
    8.4555   -0.0555    1.0823   -0.0303    1.0015  -1.52456534
    8.4617   -0.0486    1.1613   -0.0241    1.0421  -1.52456570
    8.4670   -0.0422    1.2381   -0.0184    1.0772  -1.52456546
    8.4715   -0.0365    1.3104   -0.0135    1.1051  -1.52456522
    8.4754   -0.0312    1.3776   -0.0091    1.1251  -1.52456522
    8.4789   -0.0263    1.4415   -0.0052    1.1368  -1.52456534
    8.4824   -0.0211    1.5053   -0.0012    1.1379  -1.52456522
    8.4859   -0.0158    1.5639    0.0027    1.1238  -1.52456546
    8.4883   -0.0119    1.6001    0.0055    1.1016  -1.52456534
    8.4910   -0.0075    1.6304    0.0084    1.0655  -1.52456510
    8.4938   -0.0031    1.6494    0.0113    1.0179  -1.52456510
    8.4968    0.0019    1.6570    0.0142    0.9560  -1.52456522
    8.5000    0.0072    1.6519    0.0172    0.8858  -1.52456522
    8.5033    0.0127    1.6362    0.0200    0.8123  -1.52456534
    8.5067    0.0182    1.6131    0.0227    0.7396  -1.52456534
    8.5104    0.0242    1.5834    0.0253    0.6658  -1.52456534
    8.5146    0.0308    1.5471    0.0279    0.5894  -1.52456522
    8.5195    0.0382    1.5037    0.0306    0.5098  -1.52456498
    8.5252    0.0467    1.4527    0.0333    0.4263  -1.52456510
    8.5322    0.0565    1.3926    0.0359    0.3378  -1.52456510
    8.5407    0.0681    1.3218    0.0384    0.2438  -1.52456498
    8.5492    0.0790    1.2539    0.0401    0.1621  -1.52456522
    8.5580    0.0897    1.1873    0.0412    0.0886  -1.52456498
    8.5668    0.1000    1.1223    0.0417    0.0229  -1.52456498
    8.5759    0.1098    1.0582    0.0416   -0.0368  -1.52456498
    8.5843    0.1185    1.0000    0.0411   -0.0867  -1.52456510
    8.5932    0.1271    0.9405    0.0401   -0.1339  -1.52456522
    8.6038    0.1367    0.8711    0.0384   -0.1841  -1.52456522
    8.6163    0.1471    0.7908    0.0357   -0.2358  -1.52456522
    8.6307    0.1579    0.7009    0.0320   -0.2863  -1.52456510
    8.6470    0.1685    0.6013    0.0269   -0.3331  -1.52456510
    8.6648    0.1782    0.4952    0.0206   -0.3729  -1.52456510
    8.6831    0.1863    0.3879    0.0135   -0.4029  -1.52456510
    8.7015    0.1925    0.2818    0.0059   -0.4227  -1.52456510
    8.7195    0.1966    0.1799   -0.0018   -0.4324  -1.52456510
    8.7362    0.1988    0.0862   -0.0090   -0.4334  -1.52456510
    8.7516    0.1995    0.0010   -0.0157   -0.4277  -1.52456522
    8.7687    0.1987   -0.0927   -0.0229   -0.4139  -1.52456510
    8.7872    0.1961   -0.1929   -0.0303   -0.3904  -1.52456510
    8.8076    0.1910   -0.3026   -0.0380   -0.3538  -1.52456510
    8.8293    0.1832   -0.4178   -0.0451   -0.3026  -1.52456510
    8.8515    0.1726   -0.5347   -0.0511   -0.2364  -1.52456510
    8.8737    0.1594   -0.6518   -0.0555   -0.1549  -1.52456510
    8.8912    0.1472   -0.7444   -0.0575   -0.0789  -1.52456522
    8.9058    0.1358   -0.8222   -0.0582   -0.0066  -1.52456498
    8.9173    0.1260   -0.8848   -0.0579    0.0573  -1.52456510
    8.9286    0.1156   -0.9475   -0.0569    0.1265  -1.52456510
    8.9401    0.1044   -1.0130   -0.0550    0.2045  -1.52456522
    8.9520    0.0919   -1.0836   -0.0520    0.2951  -1.52456534
    8.9636    0.0789   -1.1569   -0.0480    0.3961  -1.52456522
    8.9748    0.0655   -1.2321   -0.0430    0.5072  -1.52456522
    8.9853    0.0522   -1.3096   -0.0370    0.6295  -1.52456522
    8.9926    0.0424   -1.3682   -0.0321    0.7273  -1.52456522
    8.9984    0.0344   -1.4178   -0.0276    0.8146  -1.52456534
    9.0030    0.0277   -1.4598   -0.0236    0.8928  -1.52456510
    9.0072    0.0216   -1.4973   -0.0198    0.9675  -1.52456498
    9.0109    0.0159   -1.5296   -0.0160    1.0387  -1.52456498
    9.0142    0.0108   -1.5538   -0.0125    1.1013  -1.52456498
    9.0175    0.0056   -1.5697   -0.0088    1.1592  -1.52456534
    9.0204    0.0012   -1.5727   -0.0054    1.1997  -1.52456534
    9.0227   -0.0024   -1.5655   -0.0026    1.2226  -1.52456534
    9.0252   -0.0063   -1.5475    0.0004    1.2351  -1.52456534
    9.0275   -0.0098   -1.5229    0.0033    1.2353  -1.52456522
    9.0299   -0.0135   -1.4907    0.0062    1.2260  -1.52456534
    9.0330   -0.0181   -1.4440    0.0100    1.2036  -1.52456546
    9.0360   -0.0223   -1.3979    0.0136    1.1764  -1.52456558
    9.0390   -0.0265   -1.3507    0.0171    1.1455  -1.52456570
    9.0425   -0.0311   -1.2998    0.0210    1.1099  -1.52456546
    9.0465   -0.0362   -1.2443    0.0254    1.0697  -1.52456546
    9.0512   -0.0419   -1.1835    0.0304    1.0245  -1.52456546
    9.0571   -0.0487   -1.1152    0.0362    0.9729  -1.52456534
    9.0644   -0.0565   -1.0395    0.0431    0.9154  -1.52456546
    9.0737   -0.0658   -0.9531    0.0513    0.8495  -1.52456546
    9.0871   -0.0778   -0.8459    0.0621    0.7675  -1.52456546
    9.1017   -0.0894   -0.7446    0.0727    0.6892  -1.52456546
    9.1188   -0.1013   -0.6404    0.0838    0.6070  -1.52456570
    9.1381   -0.1126   -0.5374    0.0947    0.5228  -1.52456570
    9.1595   -0.1230   -0.4365    0.1050    0.4360  -1.52456570
    9.1834   -0.1322   -0.3363    0.1143    0.3434  -1.52456558
    9.2091   -0.1396   -0.2398    0.1219    0.2460  -1.52456570
    9.2366   -0.1449   -0.1471    0.1272    0.1424  -1.52456558
    9.2644   -0.1478   -0.0617    0.1297    0.0358  -1.52456558
    9.2911   -0.1484    0.0138    0.1292   -0.0694  -1.52456570
    9.3118   -0.1475    0.0693    0.1269   -0.1539  -1.52456558
    9.3321   -0.1456    0.1219    0.1229   -0.2399  -1.52456558
    9.3538   -0.1423    0.1772    0.1167   -0.3361  -1.52456558
    9.3764   -0.1377    0.2351    0.1079   -0.4416  -1.52456558
    9.3991   -0.1317    0.2958    0.0966   -0.5537  -1.52456546
    9.4211   -0.1245    0.3600    0.0832   -0.6690  -1.52456558
    9.4385   -0.1177    0.4179    0.0707   -0.7656  -1.52456546
    9.4535   -0.1110    0.4754    0.0586   -0.8517  -1.52456546
    9.4668   -0.1043    0.5352    0.0468   -0.9291  -1.52456558
    9.4782   -0.0979    0.5959    0.0358   -0.9949  -1.52456546
    9.4880   -0.0917    0.6569    0.0257   -1.0484  -1.52456546
    9.4967   -0.0858    0.7189    0.0164   -1.0903  -1.52456546
    9.5054   -0.0792    0.7892    0.0069   -1.1229  -1.52456570
    9.5132   -0.0728    0.8599   -0.0020   -1.1401  -1.52456546
    9.5205   -0.0663    0.9299   -0.0103   -1.1408  -1.52456558
    9.5276   -0.0594    0.9992   -0.0184   -1.1238  -1.52456546
    9.5350   -0.0518    1.0678   -0.0265   -1.0853  -1.52456558
    9.5418   -0.0443    1.1240   -0.0338   -1.0308  -1.52456558
    9.5494   -0.0356    1.1728   -0.0413   -0.9542  -1.52456570
    9.5573   -0.0261    1.2069   -0.0485   -0.8629  -1.52456558
    9.5659   -0.0156    1.2252   -0.0555   -0.7589  -1.52456582
    9.5742   -0.0055    1.2273   -0.0614   -0.6606  -1.52456558
    9.5821    0.0042    1.2183   -0.0663   -0.5722  -1.52456558
    9.5899    0.0136    1.2019   -0.0704   -0.4917  -1.52456522
    9.5974    0.0226    1.1807   -0.0738   -0.4194  -1.52456546
    9.6057    0.0323    1.1530   -0.0770   -0.3465  -1.52456558
    9.6153    0.0432    1.1171   -0.0799   -0.2705  -1.52456546
    9.6263    0.0552    1.0731   -0.0825   -0.1933  -1.52456570
    9.6388    0.0683    1.0208   -0.0844   -0.1162  -1.52456558
    9.6531    0.0824    0.9594   -0.0855   -0.0394  -1.52456570
    9.6693    0.0974    0.8896   -0.0855    0.0353  -1.52456558
    9.6878    0.1131    0.8107   -0.0842    0.1077  -1.52456570
    9.7088    0.1293    0.7224   -0.0812    0.1771  -1.52456558
    9.7315    0.1446    0.6295   -0.0764    0.2398  -1.52456558
    9.7552    0.1584    0.5345   -0.0701    0.2946  -1.52456570
    9.7799    0.1704    0.4380   -0.0622    0.3422  -1.52456558
    9.8052    0.1802    0.3405   -0.0530    0.3829  -1.52456558
    9.8307    0.1877    0.2431   -0.0428    0.4167  -1.52456570
    9.8562    0.1926    0.1465   -0.0318    0.4436  -1.52456570
    9.8811    0.1951    0.0521   -0.0205    0.4637  -1.52456558
    9.9049    0.1953   -0.0388   -0.0093    0.4771  -1.52456558
    9.9248    0.1937   -0.1152    0.0003    0.4836  -1.52456558
    9.9412    0.1913   -0.1793    0.0082    0.4856  -1.52456558
    9.9573    0.1879   -0.2428    0.0160    0.4844  -1.52456570
    9.9747    0.1831   -0.3127    0.0244    0.4791  -1.52456558
    9.9939    0.1764   -0.3907    0.0335    0.4680  -1.52456558
   10.0144    0.1675   -0.4760    0.0430    0.4491  -1.52456546
   10.0358    0.1563   -0.5669    0.0523    0.4204  -1.52456558
   10.0580    0.1427   -0.6626    0.0612    0.3795  -1.52456570
   10.0803    0.1268   -0.7607    0.0691    0.3243  -1.52456558
   10.1027    0.1087   -0.8595    0.0755    0.2520  -1.52456570
   10.1217    0.0915   -0.9430    0.0796    0.1743  -1.52456546
   10.1370    0.0765   -1.0083    0.0817    0.0990  -1.52456570
   10.1500    0.0632   -1.0610    0.0825    0.0252  -1.52456546
   10.1606    0.0517   -1.1017    0.0824   -0.0434  -1.52456546
   10.1710    0.0400   -1.1379    0.0816   -0.1175  -1.52456534
   10.1820    0.0273   -1.1714    0.0799   -0.2049  -1.52456534
   10.1929    0.0144   -1.1971    0.0771   -0.2996  -1.52456522
   10.2037    0.0014   -1.2132    0.0733   -0.4018  -1.52456534
   10.2144   -0.0116   -1.2166    0.0685   -0.5099  -1.52456522
   10.2243   -0.0236   -1.2059    0.0629   -0.6127  -1.52456546
   10.2352   -0.0367   -1.1758    0.0556   -0.7242  -1.52456546
   10.2451   -0.0481   -1.1306    0.0479   -0.8168  -1.52456534
   10.2551   -0.0591   -1.0697    0.0394   -0.8946  -1.52456522
   10.2656   -0.0699   -0.9924    0.0297   -0.9543  -1.52456534
   10.2757   -0.0795   -0.9120    0.0199   -0.9873  -1.52456546
   10.2860   -0.0885   -0.8286    0.0096   -0.9980  -1.52456522
   10.2968   -0.0970   -0.7466   -0.0011   -0.9887  -1.52456522
   10.3046   -0.1026   -0.6911   -0.0088   -0.9719  -1.52456522
   10.3122   -0.1077   -0.6410   -0.0161   -0.9498  -1.52456522
   10.3205   -0.1128   -0.5906   -0.0239   -0.9208  -1.52456522
   10.3299   -0.1181   -0.5387   -0.0323   -0.8840  -1.52456522
   10.3405   -0.1235   -0.4857   -0.0415   -0.8390  -1.52456522
   10.3525   -0.1290   -0.4317   -0.0512   -0.7856  -1.52456510
   10.3661   -0.1345   -0.3768   -0.0615   -0.7238  -1.52456522
   10.3816   -0.1399   -0.3205   -0.0722   -0.6533  -1.52456510
   10.3995   -0.1451   -0.2619   -0.0831   -0.5735  -1.52456522
   10.4202   -0.1499   -0.1995   -0.0941   -0.4837  -1.52456510
   10.4442   -0.1538   -0.1315   -0.1045   -0.3838  -1.52456522
   10.4702   -0.1563   -0.0600   -0.1131   -0.2799  -1.52456510
   10.4960   -0.1570    0.0108   -0.1191   -0.1811  -1.52456498
   10.5202   -0.1559    0.0790   -0.1223   -0.0914  -1.52456510
   10.5421   -0.1534    0.1433   -0.1235   -0.0121  -1.52456498
   10.5662   -0.1491    0.2178   -0.1227    0.0738  -1.52456510
   10.5881   -0.1435    0.2901   -0.1203    0.1516  -1.52456498
   10.6106   -0.1361    0.3700   -0.1159    0.2324  -1.52456510
   10.6339   -0.1265    0.4598   -0.1096    0.3180  -1.52456510
   10.6567   -0.1149    0.5576   -0.1013    0.4070  -1.52456510
   10.6785   -0.1016    0.6619   -0.0914    0.4993  -1.52456522
   10.6958   -0.0894    0.7544   -0.0821    0.5807  -1.52456522
   10.7110   -0.0773    0.8457   -0.0727    0.6621  -1.52456510
   10.7246   -0.0652    0.9371   -0.0631    0.7463  -1.52456534
   10.7382   -0.0517    1.0420   -0.0523    0.8481  -1.52456522
   10.7470   -0.0422    1.1180   -0.0445    0.9269  -1.52456522
   10.7540   -0.0342    1.1841   -0.0378    0.9999  -1.52456546
   10.7595   -0.0275    1.2405   -0.0321    1.0664  -1.52456534
   10.7640   -0.0217    1.2895   -0.0271    1.1282  -1.52456522
   10.7681   -0.0165    1.3334   -0.0224    1.1877  -1.52456522
   10.7718   -0.0114    1.3722   -0.0179    1.2451  -1.52456510
   10.7751   -0.0069    1.4021   -0.0137    1.2946  -1.52456534
   10.7784   -0.0023    1.4238   -0.0094    1.3374  -1.52456558
   10.7809    0.0014    1.4317   -0.0059    1.3611  -1.52456534
   10.7833    0.0048    1.4304   -0.0028    1.3712  -1.52456546
   10.7857    0.0082    1.4204    0.0006    1.3686  -1.52456522
   10.7880    0.0115    1.4042    0.0037    1.3546  -1.52456546
   10.7906    0.0151    1.3807    0.0072    1.3280  -1.52456546
   10.7936    0.0193    1.3493    0.0112    1.2868  -1.52456534
   10.7965    0.0231    1.3186    0.0149    1.2425  -1.52456534
   10.7996    0.0272    1.2869    0.0186    1.1937  -1.52456534
   10.8031    0.0316    1.2528    0.0227    1.1384  -1.52456546
   10.8072    0.0366    1.2164    0.0272    1.0764  -1.52456534
   10.8121    0.0425    1.1765    0.0323    1.0057  -1.52456546
   10.8181    0.0495    1.1321    0.0381    0.9246  -1.52456522
   10.8258    0.0579    1.0827    0.0448    0.8317  -1.52456546
   10.8359    0.0686    1.0246    0.0527    0.7209  -1.52456534
   10.8501    0.0826    0.9528    0.0619    0.5851  -1.52456546
   10.8645    0.0959    0.8870    0.0695    0.4649  -1.52456522
   10.8806    0.1096    0.8179    0.0760    0.3457  -1.52456534
   10.8979    0.1231    0.7464    0.0810    0.2319  -1.52456546
   10.9161    0.1360    0.6720    0.0842    0.1245  -1.52456546
   10.9352    0.1481    0.5941    0.0856    0.0241  -1.52456546
   10.9543    0.1587    0.5143    0.0852   -0.0669  -1.52456534
   10.9724    0.1673    0.4369    0.0832   -0.1444  -1.52456546
   10.9922    0.1751    0.3498    0.0796   -0.2203  -1.52456546
   11.0154    0.1820    0.2430    0.0736   -0.2986  -1.52456546
   11.0427    0.1868    0.1114    0.0644   -0.3756  -1.52456546
   11.0697    0.1880   -0.0276    0.0534   -0.4362  -1.52456546
   11.0955    0.1855   -0.1690    0.0415   -0.4785  -1.52456546
   11.1193    0.1798   -0.3077    0.0298   -0.5027  -1.52456534
   11.1385    0.1728   -0.4262    0.0201   -0.5108  -1.52456534
   11.1553    0.1647   -0.5362    0.0115   -0.5082  -1.52456558
   11.1698    0.1562   -0.6353    0.0042   -0.4977  -1.52456558
   11.1818    0.1481   -0.7211   -0.0017   -0.4823  -1.52456558
   11.1922    0.1402   -0.7984   -0.0066   -0.4634  -1.52456558
   11.2023    0.1317   -0.8766   -0.0112   -0.4393  -1.52456558
   11.2129    0.1220   -0.9621   -0.0157   -0.4070  -1.52456546
   11.2238    0.1110   -1.0538   -0.0199   -0.3650  -1.52456546
   11.2346    0.0991   -1.1493   -0.0236   -0.3125  -1.52456570
   11.2450    0.0867   -1.2462   -0.0265   -0.2489  -1.52456558
   11.2535    0.0756   -1.3293   -0.0284   -0.1846  -1.52456558
   11.2621    0.0639   -1.4153   -0.0296   -0.1065  -1.52456558
   11.2699    0.0526   -1.4953   -0.0301   -0.0203  -1.52456546
   11.2772    0.0413   -1.5707   -0.0299    0.0786  -1.52456546
   11.2817    0.0341   -1.6157   -0.0294    0.1497  -1.52456558
   11.2861    0.0270   -1.6562   -0.0286    0.2268  -1.52456570
   11.2904    0.0199   -1.6908   -0.0274    0.3103  -1.52456546
   11.2947    0.0125   -1.7183   -0.0259    0.4045  -1.52456534
   11.2988    0.0053   -1.7332   -0.0240    0.5015  -1.52456570
   11.3033   -0.0024   -1.7319   -0.0216    0.6080  -1.52456570
   11.3067   -0.0083   -1.7159   -0.0193    0.6891  -1.52456570
   11.3105   -0.0147   -1.6821   -0.0166    0.7708  -1.52456546
   11.3143   -0.0210   -1.6329   -0.0135    0.8402  -1.52456570
   11.3182   -0.0273   -1.5705   -0.0101    0.8954  -1.52456558
   11.3222   -0.0334   -1.5011   -0.0064    0.9343  -1.52456546
   11.3267   -0.0400   -1.4208   -0.0022    0.9608  -1.52456558
   11.3305   -0.0452   -1.3540    0.0015    0.9723  -1.52456534
   11.3342   -0.0502   -1.2912    0.0051    0.9762  -1.52456534
   11.3378   -0.0547   -1.2341    0.0086    0.9750  -1.52456546
   11.3418   -0.0595   -1.1740    0.0125    0.9696  -1.52456534
   11.3464   -0.0648   -1.1092    0.0169    0.9594  -1.52456546
   11.3517   -0.0705   -1.0398    0.0220    0.9443  -1.52456546
   11.3579   -0.0767   -0.9661    0.0278    0.9238  -1.52456522
   11.3651   -0.0834   -0.8878    0.0344    0.8976  -1.52456546
   11.3736   -0.0906   -0.8048    0.0419    0.8653  -1.52456534
   11.3837   -0.0982   -0.7167    0.0504    0.8261  -1.52456546
   11.3956   -0.1062   -0.6232    0.0599    0.7790  -1.52456522
   11.4098   -0.1143   -0.5236    0.0706    0.7226  -1.52456534
   11.4262   -0.1221   -0.4219    0.0820    0.6578  -1.52456546
   11.4444   -0.1288   -0.3222    0.0932    0.5863  -1.52456546
   11.4640   -0.1342   -0.2261    0.1040    0.5086  -1.52456534
   11.4852   -0.1380   -0.1333    0.1138    0.4235  -1.52456546
   11.5071   -0.1399   -0.0472    0.1222    0.3337  -1.52456534
   11.5291   -0.1401    0.0307    0.1285    0.2413  -1.52456534
   11.5502   -0.1387    0.0984    0.1326    0.1500  -1.52456534
   11.5704   -0.1361    0.1582    0.1347    0.0588  -1.52456546
   11.5934   -0.1318    0.2203    0.1349   -0.0490  -1.52456546
   11.6159   -0.1262    0.2764    0.1325   -0.1606  -1.52456534
   11.6376   -0.1196    0.3271    0.1278   -0.2749  -1.52456546
   11.6608   -0.1114    0.3786    0.1199   -0.4057  -1.52456546
   11.6824   -0.1027    0.4259    0.1098   -0.5379  -1.52456546
   11.7010   -0.0944    0.4683    0.0986   -0.6625  -1.52456546
   11.7171   -0.0865    0.5083    0.0870   -0.7806  -1.52456558
   11.7312   -0.0791    0.5482    0.0752   -0.8932  -1.52456558
   11.7437   -0.0720    0.5906    0.0634   -1.0025  -1.52456546
   11.7539   -0.0658    0.6330    0.0526   -1.0991  -1.52456546
   11.7622   -0.0603    0.6755    0.0431   -1.1832  -1.52456546
   11.7694   -0.0553    0.7207    0.0344   -1.2589  -1.52456534
   11.7758   -0.0506    0.7692    0.0262   -1.3262  -1.52456546
   11.7811   -0.0464    0.8184    0.0190   -1.3809  -1.52456546
   11.7858   -0.0424    0.8693    0.0124   -1.4241  -1.52456558
   11.7905   -0.0382    0.9272    0.0056   -1.4572  -1.52456570
   11.7950   -0.0339    0.9861   -0.0009   -1.4726  -1.52456570
   11.7982   -0.0307    1.0291   -0.0056   -1.4706  -1.52456558
   11.8015   -0.0271    1.0722   -0.0106   -1.4544  -1.52456546
   11.8050   -0.0234    1.1103   -0.0156   -1.4230  -1.52456546
   11.8088   -0.0191    1.1425   -0.0208   -1.3744  -1.52456534
   11.8129   -0.0143    1.1653   -0.0265   -1.3091  -1.52456522
   11.8175   -0.0089    1.1760   -0.0323   -1.2324  -1.52456546
   11.8220   -0.0037    1.1753   -0.0376   -1.1573  -1.52456546
   11.8268    0.0020    1.1657   -0.0430   -1.0801  -1.52456546
   11.8313    0.0071    1.1517   -0.0477   -1.0149  -1.52456534
   11.8355    0.0120    1.1350   -0.0519   -0.9568  -1.52456546
   11.8403    0.0174    1.1137   -0.0563   -0.8963  -1.52456522
   11.8460    0.0236    1.0869   -0.0612   -0.8318  -1.52456534
   11.8527    0.0308    1.0539   -0.0665   -0.7635  -1.52456534
   11.8606    0.0390    1.0140   -0.0723   -0.6913  -1.52456522
   11.8700    0.0483    0.9670   -0.0784   -0.6157  -1.52456522
   11.8812    0.0588    0.9127   -0.0849   -0.5372  -1.52456534
   11.8945    0.0705    0.8506   -0.0914   -0.4555  -1.52456522
   11.9102    0.0834    0.7806   -0.0979   -0.3707  -1.52456522
   11.9284    0.0969    0.7047   -0.1039   -0.2845  -1.52456522
   11.9482    0.1101    0.6272   -0.1087   -0.2006  -1.52456522
   11.9691    0.1223    0.5507   -0.1120   -0.1200  -1.52456534
   11.9910    0.1335    0.4747   -0.1138   -0.0411  -1.52456534
   12.0133    0.1433    0.4010   -0.1138    0.0354  -1.52456546
   12.0349    0.1512    0.3326   -0.1123    0.1067  -1.52456534
   12.0575    0.1580    0.2632   -0.1090    0.1795  -1.52456546
   12.0837    0.1638    0.1843   -0.1033    0.2627  -1.52456534
   12.1151    0.1681    0.0898   -0.0935    0.3616  -1.52456534
   12.1460    0.1694   -0.0060   -0.0808    0.4583  -1.52456534
   12.1719    0.1682   -0.0904   -0.0679    0.5375  -1.52456534
   12.1948    0.1652   -0.1710   -0.0547    0.6057  -1.52456534
   12.2154    0.1609   -0.2490   -0.0417    0.6630  -1.52456546
   12.2338    0.1556   -0.3250   -0.0291    0.7092  -1.52456534
   12.2520    0.1490   -0.4073   -0.0158    0.7478  -1.52456534
   12.2667    0.1425   -0.4786   -0.0046    0.7710  -1.52456534
   12.2795    0.1359   -0.5448    0.0053    0.7837  -1.52456522
   12.2921    0.1286   -0.6128    0.0152    0.7874  -1.52456534
   12.3046    0.1205   -0.6830    0.0251    0.7807  -1.52456546
   12.3194    0.1098   -0.7669    0.0364    0.7572  -1.52456546
   12.3358    0.0965   -0.8586    0.0485    0.7088  -1.52456546
   12.3518    0.0820   -0.9418    0.0593    0.6379  -1.52456558
   12.3689    0.0653   -1.0179    0.0694    0.5392  -1.52456534
   12.3879    0.0453   -1.0824    0.0784    0.4059  -1.52456546
   12.4093    0.0217   -1.1248    0.0853    0.2375  -1.52456558
   12.4267    0.0019   -1.1348    0.0882    0.0948  -1.52456546
   12.4407   -0.0139   -1.1275    0.0887   -0.0189  -1.52456570
   12.4543   -0.0292   -1.1082    0.0877   -0.1259  -1.52456570
   12.4688   -0.0451   -1.0755    0.0851   -0.2331  -1.52456546
   12.4848   -0.0618   -1.0270    0.0805   -0.3403  -1.52456546
   12.5023   -0.0792   -0.9610    0.0737   -0.4427  -1.52456570
   12.5210   -0.0965   -0.8791    0.0645   -0.5324  -1.52456570
   12.5400   -0.1123   -0.7882    0.0537   -0.6011  -1.52456558
   12.5595   -0.1267   -0.6909    0.0415   -0.6487  -1.52456558
   12.5800   -0.1398   -0.5883    0.0279   -0.6759  -1.52456558
   12.5981   -0.1497   -0.5001    0.0156   -0.6830  -1.52456546
   12.6160   -0.1579   -0.4159    0.0034   -0.6773  -1.52456546
   12.6302   -0.1633   -0.3519   -0.0062   -0.6653  -1.52456546
   12.6440   -0.1678   -0.2921   -0.0152   -0.6485  -1.52456546
   12.6580   -0.1714   -0.2339   -0.0242   -0.6272  -1.52456546
   12.6738   -0.1746   -0.1711   -0.0339   -0.5990  -1.52456546
   12.6916   -0.1771   -0.1032   -0.0443   -0.5630  -1.52456558
   12.7114   -0.1784   -0.0316   -0.0549   -0.5192  -1.52456558
   12.7332   -0.1783    0.0442   -0.0657   -0.4673  -1.52456546
   12.7571   -0.1762    0.1244   -0.0762   -0.4072  -1.52456558
   12.7830   -0.1719    0.2089   -0.0858   -0.3391  -1.52456546
   12.8107   -0.1649    0.2989   -0.0942   -0.2626  -1.52456546
   12.8400   -0.1547    0.3945   -0.1007   -0.1778  -1.52456546
   12.8667   -0.1430    0.4834   -0.1043   -0.0960  -1.52456546
   12.8892   -0.1313    0.5612   -0.1056   -0.0219  -1.52456546
   12.9076   -0.1203    0.6270   -0.1055    0.0432  -1.52456546
   12.9261   -0.1081    0.6955   -0.1040    0.1139  -1.52456558
   12.9437   -0.0953    0.7635   -0.1014    0.1883  -1.52456558
   12.9617   -0.0809    0.8361   -0.0972    0.2738  -1.52456570
   12.9803   -0.0647    0.9138   -0.0912    0.3757  -1.52456570
   12.9951   -0.0506    0.9778   -0.0849    0.4716  -1.52456546
   13.0080   -0.0376    1.0334   -0.0782    0.5687  -1.52456546
   13.0187   -0.0264    1.0777   -0.0717    0.6617  -1.52456546
   13.0276   -0.0166    1.1120   -0.0654    0.7512  -1.52456546
   13.0351   -0.0082    1.1367   -0.0595    0.8364  -1.52456546
   13.0414   -0.0009    1.1525   -0.0539    0.9158  -1.52456534
   13.0466    0.0050    1.1601   -0.0490    0.9857  -1.52456546
   13.0516    0.0109    1.1612   -0.0439    1.0576  -1.52456546
   13.0569    0.0170    1.1528   -0.0381    1.1367  -1.52456546
   13.0629    0.0239    1.1285   -0.0310    1.2239  -1.52456546
   13.0686    0.0302    1.0883   -0.0238    1.2975  -1.52456558
   13.0739    0.0358    1.0364   -0.0168    1.3496  -1.52456534
   13.0786    0.0406    0.9813   -0.0103    1.3779  -1.52456534
   13.0834    0.0452    0.9219   -0.0037    1.3875  -1.52456546
   13.0883    0.0495    0.8625    0.0031    1.3797  -1.52456534
   13.0931    0.0535    0.8076    0.0096    1.3588  -1.52456534
   13.0978    0.0572    0.7590    0.0159    1.3294  -1.52456534
   13.1027    0.0608    0.7139    0.0224    1.2929  -1.52456546
   13.1081    0.0645    0.6704    0.0292    1.2487  -1.52456546
   13.1141    0.0684    0.6283    0.0366    1.1969  -1.52456522
   13.1211    0.0726    0.5869    0.0447    1.1365  -1.52456522
   13.1291    0.0772    0.5465    0.0536    1.0677  -1.52456522
   13.1388    0.0823    0.5061    0.0635    0.9881  -1.52456522
   13.1503    0.0879    0.4657    0.0744    0.8979  -1.52456522
   13.1642    0.0941    0.4248    0.0861    0.7960  -1.52456510
   13.1796    0.1003    0.3856    0.0976    0.6912  -1.52456510
   13.1966    0.1065    0.3467    0.1084    0.5836  -1.52456522
   13.2155    0.1127    0.3059    0.1184    0.4716  -1.52456522
   13.2367    0.1187    0.2612    0.1271    0.3552  -1.52456522
   13.2600    0.1242    0.2109    0.1340    0.2348  -1.52456522
   13.2850    0.1288    0.1538    0.1383    0.1130  -1.52456522
   13.3113    0.1320    0.0890    0.1397   -0.0080  -1.52456522
   13.3336    0.1333    0.0287    0.1384   -0.1071  -1.52456522
   13.3554    0.1332   -0.0358    0.1350   -0.2012  -1.52456522
   13.3760    0.1318   -0.1025    0.1300   -0.2884  -1.52456522
   13.3958    0.1291   -0.1731    0.1234   -0.3717  -1.52456522
   13.4169    0.1246   -0.2563    0.1147   -0.4602  -1.52456522
   13.4388    0.1179   -0.3535    0.1035   -0.5536  -1.52456522
   13.4598    0.1094   -0.4599    0.0909   -0.6462  -1.52456522
   13.4773    0.1005   -0.5611    0.0790   -0.7268  -1.52456522
   13.4928    0.0910   -0.6638    0.0671   -0.8026  -1.52456522
   13.5065    0.0812   -0.7687    0.0556   -0.8746  -1.52456534
   13.5178    0.0720   -0.8688    0.0454   -0.9383  -1.52456534
   13.5264    0.0641   -0.9565    0.0371   -0.9900  -1.52456522
   13.5336    0.0569   -1.0402    0.0298   -1.0351  -1.52456522
   13.5398    0.0503   -1.1208    0.0233   -1.0740  -1.52456522
   13.5452    0.0440   -1.1997    0.0174   -1.1067  -1.52456510
   13.5497    0.0384   -1.2727    0.0123   -1.1309  -1.52456522
   13.5536    0.0333   -1.3418    0.0078   -1.1469  -1.52456510
   13.5576    0.0278   -1.4147    0.0033   -1.1540  -1.52456522
   13.5612    0.0226   -1.4817   -0.0008   -1.1478  -1.52456498
   13.5640    0.0184   -1.5315   -0.0041   -1.1311  -1.52456510
   13.5667    0.0142   -1.5734   -0.0071   -1.1035  -1.52456498
   13.5696    0.0096   -1.6094   -0.0102   -1.0605  -1.52456522
   13.5725    0.0048   -1.6335   -0.0132   -1.0053  -1.52456510
   13.5757   -0.0004   -1.6456   -0.0164   -0.9353  -1.52456486
   13.5791   -0.0060   -1.6441   -0.0194   -0.8571  -1.52456498
   13.5826   -0.0118   -1.6312   -0.0223   -0.7770  -1.52456498
   13.5862   -0.0175   -1.6104   -0.0249   -0.6997  -1.52456498
   13.5900   -0.0237   -1.5826   -0.0274   -0.6217  -1.52456474
   13.5943   -0.0304   -1.5479   -0.0299   -0.5422  -1.52456486
   13.5993   -0.0380   -1.5056   -0.0324   -0.4595  -1.52456474
   13.6051   -0.0466   -1.4556   -0.0348   -0.3739  -1.52456498
   13.6121   -0.0565   -1.3966   -0.0371   -0.2844  -1.52456486
   13.6204   -0.0679   -1.3274   -0.0391   -0.1913  -1.52456510
   13.6287   -0.0787   -1.2607   -0.0403   -0.1107  -1.52456498
   13.6372   -0.0890   -1.1954   -0.0410   -0.0393  -1.52456498
   13.6456   -0.0988   -1.1322   -0.0410    0.0238  -1.52456510
   13.6536   -0.1077   -1.0737   -0.0406    0.0774  -1.52456498
   13.6617   -0.1161   -1.0168   -0.0398    0.1254  -1.52456498
   13.6709   -0.1252   -0.9526   -0.0384    0.1749  -1.52456510
   13.6818   -0.1351   -0.8791   -0.0362    0.2261  -1.52456510
   13.6945   -0.1458   -0.7951   -0.0330    0.2776  -1.52456498
   13.7090   -0.1566   -0.7018   -0.0286    0.3265  -1.52456498
   13.7253   -0.1672   -0.5990   -0.0229    0.3708  -1.52456498
   13.7425   -0.1766   -0.4940   -0.0162    0.4061  -1.52456510
   13.7599   -0.1843   -0.3891   -0.0089    0.4315  -1.52456498
   13.7773   -0.1902   -0.2865   -0.0012    0.4471  -1.52456498
   13.7921   -0.1938   -0.2008    0.0054    0.4530  -1.52456510
   13.8067   -0.1961   -0.1176    0.0120    0.4527  -1.52456498
   13.8223   -0.1973   -0.0302    0.0190    0.4458  -1.52456522
   13.8399   -0.1969    0.0672    0.0268    0.4301  -1.52456522
   13.8594   -0.1946    0.1732    0.0349    0.4029  -1.52456510
   13.8805   -0.1897    0.2864    0.0430    0.3620  -1.52456522
   13.9027   -0.1820    0.4034    0.0505    0.3059  -1.52456510
   13.9257   -0.1714    0.5222    0.0567    0.2335  -1.52456522
   13.9486   -0.1581    0.6396    0.0610    0.1453  -1.52456510
   13.9663   -0.1460    0.7303    0.0629    0.0650  -1.52456510
   13.9810   -0.1347    0.8061    0.0633   -0.0110  -1.52456510
   13.9930   -0.1246    0.8685    0.0628   -0.0798  -1.52456510
   14.0046   -0.1142    0.9297    0.0614   -0.1531  -1.52456510
   14.0167   -0.1026    0.9949    0.0591   -0.2375  -1.52456510
   14.0290   -0.0899    1.0643    0.0556   -0.3346  -1.52456522
   14.0411   -0.0766    1.1360    0.0509   -0.4429  -1.52456534
   14.0526   -0.0631    1.2090    0.0451   -0.5610  -1.52456522
   14.0634   -0.0497    1.2842    0.0384   -0.6911  -1.52456534
   14.0704   -0.0405    1.3376    0.0332   -0.7892  -1.52456510
   14.0761   -0.0328    1.3834    0.0285   -0.8774  -1.52456510
   14.0807   -0.0263    1.4224    0.0243   -0.9567  -1.52456498
   14.0848   -0.0204    1.4571    0.0202   -1.0324  -1.52456498
   14.0885   -0.0150    1.4868    0.0163   -1.1040  -1.52456486
   14.0917   -0.0101    1.5087    0.0126   -1.1666  -1.52456486
   14.0950   -0.0051    1.5226    0.0086   -1.2240  -1.52456498
   14.0978   -0.0009    1.5240    0.0051   -1.2632  -1.52456498
   14.1001    0.0026    1.5162    0.0023   -1.2841  -1.52456510
   14.1025    0.0063    1.4982   -0.0009   -1.2944  -1.52456498
   14.1048    0.0096    1.4742   -0.0038   -1.2928  -1.52456498
   14.1072    0.0132    1.4420   -0.0069   -1.2810  -1.52456510
   14.1103    0.0176    1.3961   -0.0109   -1.2555  -1.52456498
   14.1133    0.0217    1.3512   -0.0146   -1.2256  -1.52456486
   14.1164    0.0258    1.3051   -0.0183   -1.1919  -1.52456462
   14.1198    0.0302    1.2554   -0.0224   -1.1536  -1.52456486
   14.1239    0.0352    1.2011   -0.0269   -1.1103  -1.52456462
   14.1287    0.0409    1.1410   -0.0322   -1.0613  -1.52456474
   14.1347    0.0475    1.0736   -0.0384   -1.0059  -1.52456462
   14.1422    0.0552    0.9988   -0.0457   -0.9440  -1.52456450
   14.1519    0.0645    0.9124   -0.0545   -0.8724  -1.52456450
   14.1652    0.0759    0.8096   -0.0655   -0.7871  -1.52456474
   14.1800    0.0871    0.7109   -0.0765   -0.7046  -1.52456474
   14.1974    0.0986    0.6091   -0.0880   -0.6176  -1.52456474
   14.2167    0.1094    0.5100   -0.0991   -0.5300  -1.52456474
   14.2381    0.1192    0.4127   -0.1094   -0.4393  -1.52456474
   14.2617    0.1278    0.3173   -0.1187   -0.3440  -1.52456474
   14.2877    0.1348    0.2236   -0.1263   -0.2419  -1.52456486
   14.3147    0.1397    0.1361   -0.1314   -0.1362  -1.52456462
   14.3419    0.1423    0.0560   -0.1336   -0.0282  -1.52456474
   14.3684    0.1428   -0.0159   -0.1330    0.0799  -1.52456462
   14.3891    0.1419   -0.0689   -0.1304    0.1672  -1.52456462
   14.4096    0.1400   -0.1193   -0.1261    0.2565  -1.52456462
   14.4308    0.1369   -0.1706   -0.1196    0.3532  -1.52456462
   14.4530    0.1325   -0.2246   -0.1106    0.4596  -1.52456474
   14.4754    0.1269   -0.2817   -0.0991    0.5737  -1.52456462
   14.4966    0.1202   -0.3413   -0.0857    0.6890  -1.52456462
   14.5141    0.1138   -0.3973   -0.0727    0.7891  -1.52456474
   14.5289    0.1075   -0.4524   -0.0605    0.8770  -1.52456462
   14.5419    0.1013   -0.5100   -0.0485    0.9562  -1.52456450
   14.5532    0.0952   -0.5692   -0.0373    1.0242  -1.52456474
   14.5630    0.0894   -0.6292   -0.0271    1.0797  -1.52456462
   14.5715    0.0837   -0.6904   -0.0176    1.1233  -1.52456450
   14.5801    0.0775   -0.7600   -0.0079    1.1575  -1.52456474
   14.5878    0.0714   -0.8306    0.0012    1.1759  -1.52456462
   14.5952    0.0650   -0.9022    0.0099    1.1772  -1.52456450
   14.6020    0.0586   -0.9692    0.0178    1.1607  -1.52456450
   14.6090    0.0516   -1.0353    0.0259    1.1238  -1.52456450
   14.6157    0.0445   -1.0905    0.0332    1.0708  -1.52456450
   14.6233    0.0360   -1.1395    0.0410    0.9944  -1.52456450
   14.6311    0.0269   -1.1735    0.0485    0.9038  -1.52456427
   14.6395    0.0170   -1.1918    0.0556    0.8035  -1.52456450
   14.6477    0.0072   -1.1949    0.0618    0.7070  -1.52456439
   14.6564   -0.0032   -1.1859    0.0676    0.6100  -1.52456427
   14.6644   -0.0126   -1.1696    0.0721    0.5279  -1.52456427
   14.6718   -0.0212   -1.1497    0.0758    0.4578  -1.52456450
   14.6802   -0.0307   -1.1230    0.0793    0.3847  -1.52456439
   14.6897   -0.0413   -1.0892    0.0826    0.3097  -1.52456450
   14.7009   -0.0531   -1.0469    0.0856    0.2314  -1.52456450
   14.7134   -0.0660   -0.9967    0.0880    0.1531  -1.52456450
   14.7279   -0.0800   -0.9376    0.0896    0.0740  -1.52456450
   14.7444   -0.0949   -0.8699    0.0902   -0.0040  -1.52456450
   14.7632   -0.1105   -0.7937    0.0894   -0.0803  -1.52456450
   14.7846   -0.1266   -0.7078    0.0868   -0.1551  -1.52456450
   14.8081   -0.1421   -0.6154    0.0824   -0.2251  -1.52456439
   14.8327   -0.1561   -0.5204    0.0760   -0.2876  -1.52456450
   14.8583   -0.1682   -0.4236    0.0679   -0.3430  -1.52456450
   14.8844   -0.1780   -0.3255    0.0583   -0.3913  -1.52456450
   14.9108   -0.1853   -0.2271    0.0474   -0.4322  -1.52456450
   14.9369   -0.1899   -0.1295    0.0357   -0.4655  -1.52456450
   14.9622   -0.1920   -0.0340    0.0236   -0.4909  -1.52456450
   14.9863   -0.1917    0.0582    0.0116   -0.5083  -1.52456450
   15.0064   -0.1897    0.1362    0.0012   -0.5175  -1.52456450
   15.0231   -0.1869    0.2022   -0.0074   -0.5209  -1.52456439
   15.0395   -0.1831    0.2679   -0.0160   -0.5203  -1.52456450
   15.0565   -0.1779    0.3369   -0.0248   -0.5151  -1.52456450
   15.0751   -0.1709    0.4141   -0.0343   -0.5033  -1.52456450
   15.0954   -0.1616    0.4996   -0.0443   -0.4823  -1.52456450
   15.1167   -0.1500    0.5907   -0.0543   -0.4500  -1.52456450
   15.1388   -0.1359    0.6862   -0.0637   -0.4035  -1.52456450
   15.1614   -0.1194    0.7841   -0.0721   -0.3402  -1.52456450
   15.1844   -0.1002    0.8827   -0.0790   -0.2563  -1.52456450
   15.2022   -0.0838    0.9568   -0.0829   -0.1754  -1.52456450
   15.2176   -0.0686    1.0173   -0.0850   -0.0934  -1.52456462
   15.2306   -0.0550    1.0649   -0.0857   -0.0140  -1.52456462
   15.2413   -0.0435    1.1003   -0.0855    0.0585  -1.52456462
   15.2535   -0.0298    1.1354   -0.0842    0.1499  -1.52456450
   15.2646   -0.0170    1.1607   -0.0820    0.2414  -1.52456439
   15.2761   -0.0036    1.1778   -0.0787    0.3430  -1.52456450
   15.2878    0.0102    1.1832   -0.0741    0.4531  -1.52456439
   15.2985    0.0229    1.1747   -0.0686    0.5584  -1.52456474
   15.3106    0.0369    1.1470   -0.0612    0.6745  -1.52456450
   15.3225    0.0503    1.0990   -0.0525    0.7812  -1.52456450
   15.3335    0.0621    1.0369   -0.0434    0.8651  -1.52456450
   15.3448    0.0734    0.9603   -0.0333    0.9285  -1.52456450
   15.3561    0.0837    0.8763   -0.0226    0.9668  -1.52456462
   15.3673    0.0930    0.7915   -0.0116    0.9807  -1.52456462
   15.3788    0.1017    0.7075   -0.0003    0.9738  -1.52456474
   15.3871    0.1073    0.6515    0.0077    0.9587  -1.52456474
   15.3952    0.1124    0.6002    0.0154    0.9376  -1.52456474
   15.4039    0.1174    0.5492    0.0234    0.9098  -1.52456462
   15.4136    0.1225    0.4971    0.0321    0.8744  -1.52456450
   15.4247    0.1277    0.4431    0.0416    0.8303  -1.52456450
   15.4371    0.1328    0.3889    0.0515    0.7784  -1.52456462
   15.4511    0.1379    0.3334    0.0620    0.7178  -1.52456450
   15.4671    0.1428    0.2766    0.0729    0.6484  -1.52456462
   15.4854    0.1473    0.2177    0.0840    0.5700  -1.52456450
   15.5063    0.1512    0.1554    0.0950    0.4821  -1.52456450
   15.5304    0.1541    0.0877    0.1055    0.3839  -1.52456462
   15.5565    0.1554    0.0171    0.1141    0.2820  -1.52456462
   15.5790    0.1551   -0.0442    0.1195    0.1963  -1.52456462
   15.6009    0.1535   -0.1048    0.1230    0.1154  -1.52456462
   15.6240    0.1503   -0.1709    0.1246    0.0316  -1.52456462
   15.6492    0.1451   -0.2470    0.1243   -0.0591  -1.52456462
   15.6721    0.1386   -0.3210    0.1220   -0.1418  -1.52456462
   15.6944    0.1306   -0.3984    0.1179   -0.2238  -1.52456462
   15.7172    0.1206   -0.4842    0.1119   -0.3105  -1.52456462
   15.7396    0.1087   -0.5771    0.1039   -0.4014  -1.52456462
   15.7608    0.0954   -0.6751    0.0944   -0.4960  -1.52456462
   15.7776    0.0833   -0.7616    0.0853   -0.5803  -1.52456462
   15.7926    0.0713   -0.8467    0.0761   -0.6655  -1.52456474
   15.8059    0.0595   -0.9313    0.0666   -0.7543  -1.52456474
   15.8177    0.0480   -1.0142    0.0572   -0.8472  -1.52456474
   15.8264    0.0389   -1.0815    0.0495   -0.9288  -1.52456462
   15.8336    0.0309   -1.1413    0.0425   -1.0077  -1.52456450
   15.8396    0.0239   -1.1940    0.0362   -1.0842  -1.52456462
   15.8444    0.0181   -1.2369    0.0309   -1.1532  -1.52456450
   15.8485    0.0129   -1.2736    0.0259   -1.2197  -1.52456439
   15.8524    0.0079   -1.3042    0.0211   -1.2848  -1.52456439
   15.8558    0.0034   -1.3261    0.0166   -1.3435  -1.52456427
   15.8592   -0.0011   -1.3385    0.0119   -1.3965  -1.52456450
   15.8617   -0.0045   -1.3389    0.0084   -1.4267  -1.52456450
   15.8646   -0.0083   -1.3290    0.0043   -1.4473  -1.52456462
   15.8672   -0.0118   -1.3105    0.0005   -1.4501  -1.52456450
   15.8696   -0.0149   -1.2877   -0.0030   -1.4395  -1.52456439
   15.8723   -0.0183   -1.2593   -0.0068   -1.4163  -1.52456450
   15.8753   -0.0221   -1.2251   -0.0110   -1.3793  -1.52456439
   15.8783   -0.0256   -1.1927   -0.0150   -1.3377  -1.52456427
   15.8814   -0.0293   -1.1602   -0.0192   -1.2907  -1.52456439
   15.8849   -0.0334   -1.1265   -0.0237   -1.2371  -1.52456427
   15.8891   -0.0379   -1.0914   -0.0286   -1.1764  -1.52456427
   15.8940   -0.0432   -1.0541   -0.0342   -1.1072  -1.52456415
   15.8999   -0.0494   -1.0142   -0.0406   -1.0283  -1.52456427
   15.9075   -0.0568   -0.9704   -0.0480   -0.9368  -1.52456439
   15.9170   -0.0659   -0.9221   -0.0564   -0.8316  -1.52456427
   15.9299   -0.0774   -0.8655   -0.0663   -0.7058  -1.52456427
   15.9446   -0.0896   -0.8079   -0.0757   -0.5792  -1.52456427
   15.9617   -0.1029   -0.7457   -0.0845   -0.4479  -1.52456439
   15.9805   -0.1164   -0.6797   -0.0917   -0.3189  -1.52456427
   16.0005   -0.1293   -0.6103   -0.0968   -0.1964  -1.52456439
   16.0214   -0.1413   -0.5366   -0.0997   -0.0809  -1.52456427
   16.0427   -0.1519   -0.4588   -0.1003    0.0257  -1.52456427
   16.0638   -0.1607   -0.3785   -0.0987    0.1214  -1.52456427
   16.0844   -0.1677   -0.2954   -0.0953    0.2069  -1.52456427
   16.1088   -0.1736   -0.1917   -0.0891    0.2973  -1.52456427
   16.1369   -0.1772   -0.0621   -0.0794    0.3887  -1.52456427
   16.1603   -0.1773    0.0544   -0.0696    0.4534  -1.52456427
   16.1833   -0.1746    0.1784   -0.0585    0.5068  -1.52456439
   16.2050   -0.1694    0.3041   -0.0471    0.5463  -1.52456427
   16.2249   -0.1621    0.4294   -0.0359    0.5723  -1.52456427
   16.2424   -0.1536    0.5481   -0.0258    0.5855  -1.52456427
   16.2575   -0.1445    0.6583   -0.0169    0.5880  -1.52456427
   16.2706   -0.1352    0.7598   -0.0092    0.5820  -1.52456427
   16.2816   -0.1264    0.8506   -0.0029    0.5700  -1.52456427
   16.2906   -0.1183    0.9292    0.0022    0.5542  -1.52456427
   16.2995   -0.1097    1.0104    0.0070    0.5324  -1.52456427
   16.3075   -0.1013    1.0875    0.0112    0.5062  -1.52456427
   16.3157   -0.0921    1.1700    0.0152    0.4716  -1.52456415
   16.3241   -0.0819    1.2585    0.0190    0.4262  -1.52456427
   16.3324   -0.0711    1.3500    0.0223    0.3684  -1.52456439
   16.3405   -0.0597    1.4426    0.0250    0.2961  -1.52456427
   16.3485   -0.0478    1.5343    0.0270    0.2055  -1.52456439
   16.3540   -0.0393    1.5955    0.0279    0.1298  -1.52456403
   16.3584   -0.0321    1.6425    0.0283    0.0584  -1.52456427
   16.3622   -0.0258    1.6794    0.0284   -0.0108  -1.52456427
   16.3656   -0.0200    1.7081    0.0283   -0.0789  -1.52456439
   16.3694   -0.0135    1.7333    0.0278   -0.1604  -1.52456427
   16.3734   -0.0066    1.7497    0.0270   -0.2517  -1.52456415
   16.3782    0.0019    1.7522    0.0255   -0.3686  -1.52456403
   16.3821    0.0087    1.7380    0.0239   -0.4620  -1.52456415
   16.3862    0.0158    1.7070    0.0218   -0.5544  -1.52456391
   16.3906    0.0231    1.6582    0.0192   -0.6411  -1.52456403
   16.3952    0.0307    1.5930    0.0160   -0.7169  -1.52456403
   16.3999    0.0380    1.5191    0.0125   -0.7752  -1.52456403
   16.4050    0.0455    1.4365    0.0085   -0.8197  -1.52456391
   16.4105    0.0532    1.3468    0.0038   -0.8512  -1.52456379
   16.4152    0.0593    1.2751   -0.0002   -0.8667  -1.52456403
   16.4193    0.0644    1.2148   -0.0037   -0.8743  -1.52456403
   16.4233    0.0691    1.1588   -0.0072   -0.8775  -1.52456391
   16.4278    0.0742    1.0985   -0.0112   -0.8773  -1.52456391
   16.4331    0.0799    1.0322   -0.0158   -0.8730  -1.52456403
   16.4393    0.0860    0.9604   -0.0212   -0.8640  -1.52456379
   16.4464    0.0926    0.8835   -0.0273   -0.8497  -1.52456403
   16.4547    0.0996    0.8017   -0.0343   -0.8297  -1.52456391
   16.4644    0.1070    0.7144   -0.0422   -0.8029  -1.52456403
   16.4758    0.1145    0.6222   -0.0511   -0.7688  -1.52456379
   16.4889    0.1221    0.5258   -0.0610   -0.7267  -1.52456403
   16.5044    0.1294    0.4233   -0.0718   -0.6743  -1.52456403
   16.5224    0.1361    0.3168   -0.0834   -0.6108  -1.52456403
   16.5421    0.1412    0.2132   -0.0947   -0.5390  -1.52456403
   16.5627    0.1446    0.1157   -0.1050   -0.4607  -1.52456403
   16.5840    0.1461    0.0254   -0.1139   -0.3770  -1.52456403
   16.6052    0.1458   -0.0565   -0.1210   -0.2897  -1.52456391
   16.6250    0.1439   -0.1260   -0.1259   -0.2053  -1.52456403
   16.6453    0.1407   -0.1918   -0.1292   -0.1142  -1.52456415
   16.6686    0.1354   -0.2607   -0.1306   -0.0047  -1.52456403
   16.6891    0.1295   -0.3163   -0.1297    0.0968  -1.52456403
   16.7093    0.1226   -0.3677   -0.1266    0.2036  -1.52456403
   16.7304    0.1143   -0.4183   -0.1211    0.3224  -1.52456403
   16.7529    0.1043   -0.4702   -0.1123    0.4601  -1.52456415
   16.7733    0.0942   -0.5173   -0.1015    0.5971  -1.52456403
   16.7905    0.0850   -0.5590   -0.0902    0.7241  -1.52456415
   16.8051    0.0765   -0.5986   -0.0787    0.8442  -1.52456403
   16.8178    0.0687   -0.6382   -0.0673    0.9585  -1.52456427
   16.8290    0.0613   -0.6806   -0.0560    1.0700  -1.52456415
   16.8375    0.0553   -0.7204   -0.0465    1.1630  -1.52456403
   16.8446    0.0501   -0.7606   -0.0380    1.2450  -1.52456415
   16.8507    0.0453   -0.8030   -0.0302    1.3192  -1.52456427
   16.8560    0.0409   -0.8481   -0.0229    1.3852  -1.52456427
   16.8606    0.0370   -0.8934   -0.0165    1.4389  -1.52456415
   16.8646    0.0333   -0.9401   -0.0106    1.4815  -1.52456403
   16.8687    0.0294   -0.9918   -0.0046    1.5132  -1.52456427
   16.8725    0.0254   -1.0440    0.0013    1.5268  -1.52456427
   16.8752    0.0226   -1.0785    0.0054    1.5231  -1.52456427
   16.8783    0.0192   -1.1139    0.0101    1.5039  -1.52456415
   16.8812    0.0159   -1.1408    0.0144    1.4719  -1.52456415
   16.8848    0.0118   -1.1626    0.0196    1.4190  -1.52456415
   16.8885    0.0074   -1.1727    0.0248    1.3540  -1.52456427
   16.8924    0.0029   -1.1721    0.0299    1.2851  -1.52456415
   16.8964   -0.0018   -1.1631    0.0349    1.2147  -1.52456415
   16.9002   -0.0061   -1.1495    0.0393    1.1527  -1.52456439
   16.9038   -0.0103   -1.1332    0.0434    1.0964  -1.52456439
   16.9079   -0.0149   -1.1124    0.0478    1.0376  -1.52456427
   16.9127   -0.0202   -1.0865    0.0527    0.9753  -1.52456427
   16.9184   -0.0263   -1.0546    0.0580    0.9084  -1.52456427
   16.9253   -0.0334   -1.0161    0.0640    0.8374  -1.52456427
   16.9334   -0.0415   -0.9708    0.0705    0.7626  -1.52456427
   16.9432   -0.0507   -0.9184    0.0776    0.6843  -1.52456427
   16.9550   -0.0612   -0.8580    0.0852    0.6018  -1.52456427
   16.9693   -0.0730   -0.7894    0.0931    0.5150  -1.52456427
   16.9860   -0.0855   -0.7148    0.1009    0.4262  -1.52456427
   17.0043   -0.0979   -0.6388    0.1080    0.3394  -1.52456427
   17.0243   -0.1099   -0.5618    0.1139    0.2535  -1.52456439
   17.0459   -0.1212   -0.4849    0.1184    0.1679  -1.52456439
   17.0686   -0.1313   -0.4091    0.1212    0.0827  -1.52456439
   17.0919   -0.1400   -0.3359    0.1222   -0.0016  -1.52456439
   17.1152   -0.1470   -0.2665    0.1212   -0.0839  -1.52456439
   17.1362   -0.1520   -0.2061    0.1187   -0.1575  -1.52456439
   17.1607   -0.1562   -0.1374    0.1138   -0.2432  -1.52456439
   17.1890   -0.1589   -0.0585    0.1055   -0.3432  -1.52456439
   17.2165   -0.1595    0.0200    0.0947   -0.4421  -1.52456439
   17.2418   -0.1580    0.0958    0.0823   -0.5338  -1.52456439
   17.2677   -0.1545    0.1804    0.0673   -0.6277  -1.52456439
   17.2879   -0.1501    0.2534    0.0539   -0.6991  -1.52456450
   17.3057   -0.1450    0.3252    0.0409   -0.7589  -1.52456439
   17.3216   -0.1392    0.3965    0.0284   -0.8072  -1.52456450
   17.3375   -0.1323    0.4753    0.0152   -0.8475  -1.52456439
   17.3504   -0.1258    0.5451    0.0042   -0.8714  -1.52456439
   17.3630   -0.1184    0.6187   -0.0069   -0.8843  -1.52456450
   17.3744   -0.1109    0.6889   -0.0170   -0.8844  -1.52456439
   17.3870   -0.1018    0.7678   -0.0280   -0.8689  -1.52456450
   17.4011   -0.0903    0.8556   -0.0401   -0.8294  -1.52456450
   17.4152   -0.0777    0.9368   -0.0513   -0.7660  -1.52456427
   17.4294   -0.0638    1.0075   -0.0617   -0.6793  -1.52456450
   17.4458   -0.0468    1.0686   -0.0718   -0.5592  -1.52456450
   17.4625   -0.0286    1.1071   -0.0800   -0.4224  -1.52456427
   17.4787   -0.0105    1.1216   -0.0858   -0.2864  -1.52456439
   17.4927    0.0052    1.1181   -0.0890   -0.1704  -1.52456450
   17.5065    0.0205    1.1023   -0.0906   -0.0610  -1.52456450
   17.5191    0.0343    1.0786   -0.0907    0.0334  -1.52456439
   17.5331    0.0491    1.0437   -0.0896    0.1304  -1.52456450
   17.5479    0.0643    0.9983   -0.0869    0.2243  -1.52456439
   17.5646    0.0805    0.9390   -0.0824    0.3179  -1.52456450
   17.5828    0.0969    0.8672   -0.0758    0.4045  -1.52456450
   17.6021    0.1128    0.7849   -0.0672    0.4795  -1.52456450
   17.6231    0.1284    0.6911   -0.0565    0.5419  -1.52456450
   17.6459    0.1429    0.5875   -0.0436    0.5882  -1.52456450
   17.6682    0.1549    0.4858   -0.0301    0.6145  -1.52456450
   17.6894    0.1642    0.3918   -0.0170    0.6241  -1.52456450
   17.7092    0.1711    0.3062   -0.0046    0.6215  -1.52456450
   17.7254    0.1755    0.2383    0.0054    0.6124  -1.52456439
   17.7412    0.1788    0.1738    0.0150    0.5983  -1.52456450
   17.7569    0.1810    0.1120    0.0242    0.5800  -1.52456450
   17.7744    0.1824    0.0447    0.0342    0.5550  -1.52456450
   17.7941    0.1825   -0.0284    0.0448    0.5224  -1.52456439
   17.8157    0.1811   -0.1061    0.0556    0.4818  -1.52456450
   17.8391    0.1776   -0.1885    0.0664    0.4327  -1.52456439
   17.8642    0.1718   -0.2749    0.0765    0.3752  -1.52456439
   17.8907    0.1633   -0.3653    0.0856    0.3088  -1.52456439
   17.9184    0.1519   -0.4599    0.0931    0.2330  -1.52456450
   17.9466    0.1375   -0.5574    0.0985    0.1479  -1.52456450
   17.9708    0.1230   -0.6430    0.1011    0.0668  -1.52456450
   17.9916    0.1089   -0.7187    0.1017   -0.0112  -1.52456450
   18.0092    0.0956   -0.7843    0.1009   -0.0848  -1.52456439
   18.0267    0.0814   -0.8504    0.0987   -0.1664  -1.52456439
   18.0458    0.0644   -0.9241    0.0945   -0.2693  -1.52456439
   18.0618    0.0491   -0.9855    0.0895   -0.3697  -1.52456439
   18.0752    0.0355   -1.0355    0.0838   -0.4675  -1.52456450
   18.0867    0.0235   -1.0748    0.0780   -0.5629  -1.52456427
   18.0964    0.0128   -1.1041    0.0720   -0.6549  -1.52456439
   18.1047    0.0036   -1.1235    0.0663   -0.7416  -1.52456427
   18.1115   -0.0041   -1.1338    0.0609   -0.8197  -1.52456427
   18.1183   -0.0117   -1.1368    0.0551   -0.9021  -1.52456450
   18.1248   -0.0192   -1.1303    0.0490   -0.9858  -1.52456439
   18.1324   -0.0277   -1.1076    0.0411   -1.0838  -1.52456439
   18.1396   -0.0355   -1.0680    0.0330   -1.1701  -1.52456439
   18.1466   -0.0428   -1.0118    0.0245   -1.2394  -1.52456415
   18.1530   -0.0491   -0.9487    0.0165   -1.2824  -1.52456415
   18.1592   -0.0547   -0.8814    0.0085   -1.3025  -1.52456415
   18.1651   -0.0598   -0.8165    0.0007   -1.3026  -1.52456403
   18.1711   -0.0645   -0.7549   -0.0070   -1.2873  -1.52456403
   18.1770   -0.0688   -0.6993   -0.0145   -1.2609  -1.52456403
   18.1827   -0.0726   -0.6505   -0.0217   -1.2279  -1.52456415
   18.1890   -0.0765   -0.6040   -0.0292   -1.1873  -1.52456403
   18.1959   -0.0805   -0.5589   -0.0373   -1.1388  -1.52456403
   18.2037   -0.0847   -0.5150   -0.0459   -1.0820  -1.52456403
   18.2127   -0.0892   -0.4718   -0.0554   -1.0164  -1.52456427
   18.2232   -0.0939   -0.4293   -0.0657   -0.9415  -1.52456403
   18.2356   -0.0990   -0.3869   -0.0768   -0.8565  -1.52456415
   18.2503   -0.1043   -0.3439   -0.0887   -0.7601  -1.52456427
   18.2674   -0.1098   -0.3007   -0.1008   -0.6552  -1.52456415
   18.2858   -0.1150   -0.2586   -0.1118   -0.5488  -1.52456403
   18.3058   -0.1197   -0.2154   -0.1217   -0.4400  -1.52456415
   18.3276   -0.1239   -0.1695   -0.1301   -0.3289  -1.52456403
   18.3508   -0.1273   -0.1196   -0.1364   -0.2167  -1.52456403
   18.3751   -0.1295   -0.0646   -0.1403   -0.1045  -1.52456415
   18.3997   -0.1304   -0.0048   -0.1415    0.0047  -1.52456403
   18.4196   -0.1299    0.0474   -0.1406    0.0906  -1.52456415
   18.4391   -0.1285    0.1026   -0.1380    0.1736  -1.52456415
   18.4602   -0.1257    0.1675   -0.1334    0.2624  -1.52456415
   18.4833   -0.1209    0.2460   -0.1262    0.3602  -1.52456415
   18.5073   -0.1139    0.3378   -0.1163    0.4640  -1.52456403
   18.5311   -0.1046    0.4418   -0.1040    0.5718  -1.52456427
   18.5512   -0.0948    0.5422   -0.0915    0.6689  -1.52456427
   18.5688   -0.0844    0.6435   -0.0790    0.7620  -1.52456439
   18.5840   -0.0739    0.7446   -0.0667    0.8518  -1.52456450
   18.5973   -0.0633    0.8481   -0.0548    0.9411  -1.52456427
   18.6074   -0.0542    0.9395   -0.0449    1.0182  -1.52456462
   18.6146   -0.0473    1.0134   -0.0374    1.0789  -1.52456450
   18.6206   -0.0409    1.0838   -0.0307    1.1351  -1.52456439
   18.6257   -0.0352    1.1504   -0.0248    1.1859  -1.52456427
   18.6302   -0.0299    1.2148   -0.0193    1.2319  -1.52456427
   18.6341   -0.0251    1.2751   -0.0145    1.2708  -1.52456427
   18.6375   -0.0206    1.3307   -0.0101    1.3012  -1.52456450
   18.6409   -0.0160    1.3864   -0.0056    1.3230  -1.52456439
   18.6442   -0.0114    1.4349   -0.0013    1.3294  -1.52456427
   18.6464   -0.0082    1.4624    0.0016    1.3224  -1.52456450
   18.6486   -0.0050    1.4833    0.0045    1.3050  -1.52456450
   18.6509   -0.0016    1.4969    0.0075    1.2761  -1.52456450
   18.6535    0.0024    1.5026    0.0108    1.2316  -1.52456450
   18.6563    0.0067    1.4986    0.0142    1.1759  -1.52456462
   18.6594    0.0112    1.4859    0.0177    1.1119  -1.52456462
   18.6625    0.0158    1.4675    0.0211    1.0459  -1.52456474
   18.6660    0.0208    1.4438    0.0245    0.9763  -1.52456462
   18.6699    0.0264    1.4150    0.0282    0.9018  -1.52456450
   18.6744    0.0328    1.3809    0.0321    0.8220  -1.52456462
   18.6799    0.0403    1.3406    0.0364    0.7352  -1.52456462
   18.6866    0.0490    1.2933    0.0410    0.6410  -1.52456439
   18.6949    0.0595    1.2374    0.0458    0.5375  -1.52456462
   18.7051    0.0719    1.1720    0.0508    0.4258  -1.52456462
   18.7158    0.0841    1.1072    0.0548    0.3238  -1.52456450
   18.7271    0.0962    1.0419    0.0579    0.2292  -1.52456450
   18.7393    0.1084    0.9736    0.0601    0.1387  -1.52456462
   18.7520    0.1204    0.9038    0.0613    0.0543  -1.52456450
   18.7650    0.1317    0.8336    0.0615   -0.0225  -1.52456450
   18.7779    0.1420    0.7647    0.0608   -0.0908  -1.52456450
   18.7907    0.1513    0.6964    0.0592   -0.1517  -1.52456450
   18.8056    0.1611    0.6174    0.0565   -0.2143  -1.52456462
   18.8231    0.1711    0.5235    0.0521   -0.2785  -1.52456462
   18.8435    0.1807    0.4142    0.0458   -0.3403  -1.52456462
   18.8657    0.1885    0.2930    0.0376   -0.3937  -1.52456462
   18.8884    0.1938    0.1681    0.0282   -0.4332  -1.52456474
   18.9107    0.1961    0.0432    0.0183   -0.4578  -1.52456474
   18.9322    0.1957   -0.0789    0.0083   -0.4680  -1.52456474
   18.9502    0.1934   -0.1820   -0.0001   -0.4662  -1.52456450
   18.9648    0.1901   -0.2672   -0.0069   -0.4575  -1.52456462
   18.9791    0.1857   -0.3514   -0.0133   -0.4426  -1.52456462
   18.9945    0.1796   -0.4427   -0.0200   -0.4191  -1.52456474
   19.0112    0.1713   -0.5435   -0.0267   -0.3842  -1.52456474
   19.0288    0.1608   -0.6508   -0.0330   -0.3362  -1.52456462
   19.0466    0.1483   -0.7612   -0.0385   -0.2747  -1.52456474
   19.0640    0.1341   -0.8721   -0.0426   -0.1995  -1.52456474
   19.0776    0.1216   -0.9609   -0.0449   -0.1290  -1.52456474
   19.0892    0.1100   -1.0382   -0.0460   -0.0594  -1.52456486
   19.0988    0.0997   -1.1039   -0.0463    0.0063  -1.52456474
   19.1066    0.0909   -1.1586   -0.0460    0.0660  -1.52456474
   19.1144    0.0816   -1.2142   -0.0452    0.1320  -1.52456474
   19.1225    0.0716   -1.2731   -0.0439    0.2082  -1.52456474
   19.1307    0.0609   -1.3353   -0.0418    0.2971  -1.52456474
   19.1391    0.0494   -1.4005   -0.0388    0.4018  -1.52456474
   19.1466    0.0386   -1.4594   -0.0354    0.5105  -1.52456474
   19.1528    0.0295   -1.5066   -0.0320    0.6126  -1.52456474
   19.1576    0.0222   -1.5413   -0.0288    0.7030  -1.52456439
   19.1619    0.0155   -1.5681   -0.0256    0.7917  -1.52456450
   19.1664    0.0084   -1.5883   -0.0218    0.8929  -1.52456450
   19.1705    0.0019   -1.5939   -0.0180    0.9878  -1.52456462
   19.1742   -0.0040   -1.5830   -0.0142    1.0708  -1.52456474
   19.1770   -0.0085   -1.5617   -0.0110    1.1269  -1.52456474
   19.1801   -0.0133   -1.5257   -0.0075    1.1749  -1.52456486
   19.1832   -0.0179   -1.4776   -0.0037    1.2072  -1.52456462
   19.1862   -0.0222   -1.4259   -0.0002    1.2227  -1.52456486
   19.1895   -0.0268   -1.3640    0.0039    1.2258  -1.52456462
   19.1927   -0.0311   -1.3046    0.0078    1.2183  -1.52456486
   19.1958   -0.0351   -1.2489    0.0116    1.2043  -1.52456486
   19.1992   -0.0392   -1.1922    0.0156    1.1848  -1.52456462
   19.2030   -0.0436   -1.1330    0.0200    1.1598  -1.52456450
   19.2073   -0.0484   -1.0707    0.0250    1.1293  -1.52456450
   19.2124   -0.0537   -1.0046    0.0307    1.0932  -1.52456474
   19.2184   -0.0594   -0.9348    0.0371    1.0514  -1.52456462
   19.2256   -0.0660   -0.8590    0.0445    1.0024  -1.52456450
   19.2346   -0.0732   -0.7767    0.0532    0.9456  -1.52456462
   19.2458   -0.0815   -0.6856    0.0635    0.8786  -1.52456474
   19.2588   -0.0897   -0.5939    0.0744    0.8070  -1.52456474
   19.2734   -0.0977   -0.5033    0.0856    0.7315  -1.52456462
   19.2899   -0.1053   -0.4133    0.0970    0.6512  -1.52456474
   19.3083   -0.1121   -0.3242    0.1082    0.5654  -1.52456474
   19.3287   -0.1178   -0.2367    0.1188    0.4733  -1.52456474
   19.3509   -0.1221   -0.1527    0.1282    0.3755  -1.52456474
   19.3743   -0.1247   -0.0741    0.1358    0.2729  -1.52456486
   19.3981   -0.1256   -0.0025    0.1411    0.1672  -1.52456486
   19.4176   -0.1251    0.0506    0.1435    0.0791  -1.52456486
   19.4367   -0.1237    0.0982    0.1441   -0.0090  -1.52456486
   19.4573   -0.1212    0.1457    0.1430   -0.1072  -1.52456486
   19.4776   -0.1178    0.1891    0.1398   -0.2077  -1.52456486
   19.5003   -0.1130    0.2346    0.1337   -0.3258  -1.52456474
   19.5244   -0.1067    0.2809    0.1243   -0.4596  -1.52456486
   19.5447   -0.1007    0.3198    0.1138   -0.5807  -1.52456486
   19.5627   -0.0946    0.3563    0.1023   -0.6969  -1.52456474
   19.5786   -0.0886    0.3922    0.0903   -0.8079  -1.52456498
   19.5928   -0.0828    0.4297    0.0780   -0.9154  -1.52456498
   19.6072   -0.0763    0.4762    0.0641   -1.0327  -1.52456498
   19.6174   -0.0712    0.5180    0.0530   -1.1223  -1.52456474
   19.6262   -0.0665    0.5626    0.0428   -1.2027  -1.52456474
   19.6341   -0.0619    0.6119    0.0331   -1.2753  -1.52456474
   19.6407   -0.0577    0.6627    0.0245   -1.3349  -1.52456486
   19.6465   -0.0537    0.7162    0.0166   -1.3828  -1.52456486
   19.6523   -0.0493    0.7783    0.0084   -1.4209  -1.52456486
   19.6577   -0.0450    0.8426    0.0007   -1.4414  -1.52456498
   19.6618   -0.0414    0.8953   -0.0053   -1.4432  -1.52456498
   19.6658   -0.0377    0.9448   -0.0110   -1.4308  -1.52456510
   19.6701   -0.0336    0.9934   -0.0170   -1.4017  -1.52456498
   19.6744   -0.0291    1.0358   -0.0231   -1.3562  -1.52456510
   19.6796   -0.0237    1.0723   -0.0298   -1.2890  -1.52456486
   19.6850   -0.0178    1.0957   -0.0367   -1.2085  -1.52456498
   19.6904   -0.0119    1.1053   -0.0429   -1.1278  -1.52456498
   19.6961   -0.0056    1.1047   -0.0491   -1.0457  -1.52456498
   19.7020    0.0009    1.0956   -0.0550   -0.9655  -1.52456498
   19.7075    0.0069    1.0818   -0.0602   -0.8962  -1.52456486
   19.7126    0.0124    1.0661   -0.0646   -0.8372  -1.52456498
   19.7184    0.0185    1.0459   -0.0693   -0.7756  -1.52456498
   19.7252    0.0256    1.0201   -0.0743   -0.7091  -1.52456498
   19.7334    0.0337    0.9877   -0.0798   -0.6376  -1.52456498
   19.7429    0.0429    0.9487   -0.0855   -0.5627  -1.52456486
   19.7540    0.0532    0.9031   -0.0913   -0.4847  -1.52456498
   19.7670    0.0647    0.8502   -0.0971   -0.4035  -1.52456498
   19.7824    0.0773    0.7896   -0.1027   -0.3188  -1.52456486
   19.8005    0.0909    0.7213   -0.1076   -0.2306  -1.52456498
   19.8215    0.1052    0.6453   -0.1115   -0.1388  -1.52456486
   19.8435    0.1186    0.5696   -0.1135   -0.0516  -1.52456498
   19.8656    0.1304    0.4966   -0.1138    0.0298  -1.52456498
   19.8869    0.1403    0.4290   -0.1123    0.1034  -1.52456498
   19.9081    0.1486    0.3634   -0.1094    0.1737  -1.52456498
   19.9332    0.1568    0.2870   -0.1040    0.2542  -1.52456486
   19.9642    0.1642    0.1927   -0.0947    0.3504  -1.52456486
   19.9953    0.1687    0.0960   -0.0823    0.4439  -1.52456486
   20.0000    0.1692    0.0811   -0.0802    0.4576  -1.52456498
