    0.0000    0.0000   -1.5800    0.0870    0.0000  -0.93761659
    0.0025   -0.0040   -1.5797    0.0870   -0.0187  -0.93761611
    0.0051   -0.0081   -1.5786    0.0869   -0.0381  -0.93761587
    0.0073   -0.0116   -1.5771    0.0868   -0.0543  -0.93761611
    0.0105   -0.0166   -1.5741    0.0866   -0.0775  -0.93761599
    0.0150   -0.0237   -1.5680    0.0862   -0.1099  -0.93761587
    0.0213   -0.0336   -1.5562    0.0853   -0.1537  -0.93761599
    0.0300   -0.0470   -1.5343    0.0838   -0.2097  -0.93761599
    0.0427   -0.0661   -1.4926    0.0806   -0.2811  -0.93761611
    0.0547   -0.0838   -1.4455    0.0769   -0.3361  -0.93761599
    0.0664   -0.1004   -1.3958    0.0727   -0.3772  -0.93761599
    0.0787   -0.1172   -1.3416    0.0679   -0.4087  -0.93761599
    0.0920   -0.1348   -1.2827    0.0623   -0.4309  -0.93761605
    0.1074   -0.1539   -1.2169    0.0555   -0.4438  -0.93761611
    0.1259   -0.1757   -1.1419    0.0473   -0.4455  -0.93761593
    0.1442   -0.1960   -1.0728    0.0392   -0.4365  -0.93761599
    0.1626   -0.2152   -1.0084    0.0313   -0.4200  -0.93761599
    0.1816   -0.2337   -0.9471    0.0235   -0.3980  -0.93761605
    0.2011   -0.2516   -0.8885    0.0160   -0.3718  -0.93761605
    0.2211   -0.2688   -0.8325    0.0089   -0.3429  -0.93761605
    0.2413   -0.2851   -0.7792    0.0023   -0.3124  -0.93761611
    0.2613   -0.3001   -0.7295   -0.0037   -0.2821  -0.93761599
    0.2801   -0.3135   -0.6845   -0.0087   -0.2536  -0.93761593
    0.2998   -0.3265   -0.6393   -0.0134   -0.2244  -0.93761605
    0.3229   -0.3407   -0.5881   -0.0182   -0.1914  -0.93761611
    0.3502   -0.3559   -0.5298   -0.0229   -0.1543  -0.93761605
    0.3820   -0.3717   -0.4637   -0.0272   -0.1142  -0.93761611
    0.4198   -0.3878   -0.3871   -0.0307   -0.0714  -0.93761611
    0.4659   -0.4035   -0.2953   -0.0329   -0.0271  -0.93761605
    0.5253   -0.4176   -0.1778   -0.0332    0.0171  -0.93761611
    0.5808   -0.4244   -0.0678   -0.0314    0.0445  -0.93761605
    0.6311   -0.4253    0.0328   -0.0288    0.0577  -0.93761611
    0.6802   -0.4212    0.1324   -0.0258    0.0598  -0.93761605
    0.7263   -0.4129    0.2276   -0.0232    0.0521  -0.93761605
    0.7735   -0.3998    0.3276   -0.0211    0.0346  -0.93761605
    0.8216   -0.3816    0.4326   -0.0201    0.0071  -0.93761611
    0.8559   -0.3654    0.5103   -0.0203   -0.0183  -0.93761611
    0.8888   -0.3474    0.5875   -0.0213   -0.0468  -0.93761599
    0.9213   -0.3270    0.6674   -0.0234   -0.0785  -0.93761599
    0.9512   -0.3059    0.7450   -0.0262   -0.1101  -0.93761599
    0.9817   -0.2819    0.8295   -0.0300   -0.1438  -0.93761599
    1.0092   -0.2579    0.9120   -0.0344   -0.1742  -0.93761611
    1.0343   -0.2341    0.9935   -0.0391   -0.2002  -0.93761599
    1.0571   -0.2106    1.0742   -0.0439   -0.2203  -0.93761599
    1.0777   -0.1876    1.1544   -0.0486   -0.2331  -0.93761611
    1.0966   -0.1650    1.2345   -0.0531   -0.2374  -0.93761611
    1.1142   -0.1426    1.3159   -0.0572   -0.2314  -0.93761611
    1.1310   -0.1198    1.3994   -0.0610   -0.2121  -0.93761599
    1.1431   -0.1025    1.4628   -0.0634   -0.1865  -0.93761611
    1.1529   -0.0878    1.5156   -0.0651   -0.1561  -0.93761587
    1.1616   -0.0744    1.5620   -0.0663   -0.1207  -0.93761587
    1.1694   -0.0621    1.6023   -0.0671   -0.0810  -0.93761587
    1.1765   -0.0507    1.6367   -0.0675   -0.0378  -0.93761575
    1.1829   -0.0400    1.6651   -0.0676    0.0079  -0.93761575
    1.1895   -0.0290    1.6898   -0.0674    0.0605  -0.93761575
    1.1957   -0.0184    1.7082   -0.0668    0.1159  -0.93761551
    1.2042   -0.0039    1.7226   -0.0655    0.1971  -0.93761575
    1.2112    0.0083    1.7238   -0.0639    0.2680  -0.93761575
    1.2185    0.0208    1.7138   -0.0617    0.3404  -0.93761575
    1.2256    0.0329    1.6932   -0.0590    0.4075  -0.93761563
    1.2334    0.0459    1.6603   -0.0556    0.4722  -0.93761575
    1.2432    0.0620    1.6064   -0.0506    0.5388  -0.93761575
    1.2523    0.0764    1.5497   -0.0455    0.5832  -0.93761563
    1.2611    0.0897    1.4928   -0.0402    0.6112  -0.93761599
    1.2706    0.1036    1.4316   -0.0343    0.6277  -0.93761587
    1.2817    0.1191    1.3637   -0.0273    0.6327  -0.93761575
    1.2934    0.1346    1.2968   -0.0199    0.6256  -0.93761587
    1.3048    0.1491    1.2370   -0.0129    0.6102  -0.93761581
    1.3161    0.1628    1.1828   -0.0061    0.5894  -0.93761587
    1.3274    0.1758    1.1333    0.0004    0.5650  -0.93761581
    1.3383    0.1879    1.0890    0.0064    0.5392  -0.93761575
    1.3483    0.1986    1.0510    0.0117    0.5141  -0.93761575
    1.3598    0.2105    1.0104    0.0174    0.4846  -0.93761587
    1.3733    0.2239    0.9655    0.0238    0.4491  -0.93761581
    1.3894    0.2390    0.9160    0.0307    0.4070  -0.93761575
    1.4084    0.2558    0.8619    0.0379    0.3581  -0.93761569
    1.4304    0.2742    0.8032    0.0452    0.3029  -0.93761575
    1.4561    0.2940    0.7389    0.0522    0.2416  -0.93761569
    1.4866    0.3154    0.6666    0.0585    0.1737  -0.93761575
    1.5236    0.3385    0.5824    0.0635    0.0987  -0.93761575
    1.5712    0.3637    0.4767    0.0661    0.0144  -0.93761569
    1.6173    0.3833    0.3751    0.0652   -0.0541  -0.93761569
    1.6624    0.3980    0.2752    0.0615   -0.1085  -0.93761569
    1.7082    0.4083    0.1723    0.0555   -0.1512  -0.93761575
    1.7569    0.4140    0.0612    0.0473   -0.1825  -0.93761581
    1.8045    0.4142   -0.0499    0.0381   -0.1992  -0.93761575
    1.8505    0.4094   -0.1593    0.0289   -0.2020  -0.93761575
    1.8945    0.4001   -0.2662    0.0202   -0.1923  -0.93761575
    1.9359    0.3869   -0.3693    0.0126   -0.1720  -0.93761575
    1.9746    0.3707   -0.4683    0.0064   -0.1432  -0.93761581
    2.0103    0.3523   -0.5625    0.0019   -0.1079  -0.93761581
    2.0395    0.3348   -0.6418   -0.0007   -0.0731  -0.93761587
    2.0680    0.3153   -0.7227   -0.0023   -0.0335  -0.93761575
    2.0966    0.2935   -0.8075   -0.0026    0.0113  -0.93761587
    2.1158    0.2774   -0.8676   -0.0021    0.0444  -0.93761581
    2.1333    0.2617   -0.9249   -0.0010    0.0762  -0.93761575
    2.1479    0.2478   -0.9751    0.0003    0.1042  -0.93761581
    2.1605    0.2353   -1.0203    0.0018    0.1288  -0.93761587
    2.1728    0.2224   -1.0670    0.0035    0.1537  -0.93761581
    2.1856    0.2085   -1.1182    0.0056    0.1797  -0.93761581
    2.1989    0.1932   -1.1752    0.0082    0.2069  -0.93761587
    2.2122    0.1772   -1.2365    0.0112    0.2334  -0.93761581
    2.2251    0.1608   -1.3013    0.0143    0.2576  -0.93761569
    2.2374    0.1444   -1.3692    0.0176    0.2781  -0.93761575
    2.2490    0.1282   -1.4395    0.0209    0.2933  -0.93761575
    2.2597    0.1123   -1.5120    0.0241    0.3018  -0.93761563
    2.2697    0.0968   -1.5860    0.0272    0.3017  -0.93761563
    2.2790    0.0817   -1.6614    0.0299    0.2911  -0.93761539
    2.2878    0.0669   -1.7377    0.0324    0.2672  -0.93761551
    2.2936    0.0566   -1.7902    0.0339    0.2410  -0.93761539
    2.2987    0.0472   -1.8367    0.0350    0.2089  -0.93761563
    2.3034    0.0385   -1.8774    0.0359    0.1711  -0.93761563
    2.3083    0.0293   -1.9156    0.0366    0.1230  -0.93761563
    2.3127    0.0208   -1.9448    0.0371    0.0707  -0.93761563
    2.3171    0.0122   -1.9661    0.0372    0.0114  -0.93761551
    2.3203    0.0059   -1.9753    0.0372   -0.0348  -0.93761575
    2.3238   -0.0010   -1.9785    0.0370   -0.0871  -0.93761551
    2.3270   -0.0073   -1.9749    0.0366   -0.1344  -0.93761563
    2.3303   -0.0140   -1.9644    0.0361   -0.1835  -0.93761563
    2.3342   -0.0215   -1.9449    0.0353   -0.2351  -0.93761563
    2.3395   -0.0317   -1.9074    0.0339   -0.2970  -0.93761563
    2.3445   -0.0412   -1.8646    0.0323   -0.3437  -0.93761563
    2.3493   -0.0501   -1.8198    0.0305   -0.3781  -0.93761563
    2.3546   -0.0594   -1.7700    0.0285   -0.4050  -0.93761563
    2.3606   -0.0699   -1.7129    0.0260   -0.4251  -0.93761575
    2.3682   -0.0828   -1.6439    0.0227   -0.4374  -0.93761587
    2.3761   -0.0954   -1.5783    0.0192   -0.4390  -0.93761587
    2.3840   -0.1077   -1.5170    0.0158   -0.4330  -0.93761575
    2.3923   -0.1200   -1.4586    0.0122   -0.4211  -0.93761587
    2.4009   -0.1322   -1.4029    0.0087   -0.4047  -0.93761587
    2.4098   -0.1446   -1.3496    0.0051   -0.3848  -0.93761569
    2.4191   -0.1569   -1.2988    0.0017   -0.3623  -0.93761575
    2.4285   -0.1688   -1.2512   -0.0016   -0.3385  -0.93761575
    2.4375   -0.1799   -1.2083   -0.0046   -0.3148  -0.93761575
    2.4469   -0.1910   -1.1666   -0.0074   -0.2902  -0.93761575
    2.4577   -0.2035   -1.1211   -0.0104   -0.2617  -0.93761569
    2.4709   -0.2178   -1.0696   -0.0136   -0.2277  -0.93761587
    2.4864   -0.2339   -1.0126   -0.0168   -0.1887  -0.93761581
    2.5047   -0.2520   -0.9493   -0.0199   -0.1442  -0.93761575
    2.5263   -0.2717   -0.8795   -0.0225   -0.0949  -0.93761575
    2.5523   -0.2935   -0.8004   -0.0242   -0.0403  -0.93761575
    2.5848   -0.3180   -0.7068   -0.0245    0.0209  -0.93761575
    2.6283   -0.3461   -0.5876   -0.0220    0.0903  -0.93761587
    2.6696   -0.3681   -0.4783   -0.0172    0.1435  -0.93761581
    2.7075   -0.3844   -0.3803   -0.0110    0.1814  -0.93761587
    2.7435   -0.3964   -0.2887   -0.0039    0.2080  -0.93761587
    2.7741   -0.4041   -0.2118    0.0027    0.2235  -0.93761587
    2.8041   -0.4093   -0.1370    0.0095    0.2324  -0.93761581
    2.8332   -0.4122   -0.0649    0.0164    0.2352  -0.93761581
    2.8653   -0.4131    0.0138    0.0239    0.2316  -0.93761587
    2.9009   -0.4110    0.1005    0.0319    0.2195  -0.93761575
    2.9373   -0.4058    0.1885    0.0396    0.1983  -0.93761581
    2.9778   -0.3962    0.2855    0.0469    0.1642  -0.93761569
    3.0200   -0.3820    0.3861    0.0529    0.1168  -0.93761575
    3.0634   -0.3630    0.4893    0.0567    0.0554  -0.93761581
    3.1076   -0.3391    0.5953    0.0575   -0.0205  -0.93761581
    3.1511   -0.3108    0.7024    0.0547   -0.1089  -0.93761575
    3.1838   -0.2865    0.7865    0.0500   -0.1842  -0.93761581
    3.2118   -0.2634    0.8630    0.0438   -0.2550  -0.93761569
    3.2369   -0.2408    0.9365    0.0366   -0.3225  -0.93761575
    3.2590   -0.2194    1.0073    0.0288   -0.3850  -0.93761569
    3.2777   -0.2000    1.0735    0.0211   -0.4393  -0.93761563
    3.2933   -0.1827    1.1348    0.0139   -0.4848  -0.93761575
    3.3064   -0.1675    1.1916    0.0073   -0.5218  -0.93761575
    3.3172   -0.1543    1.2432    0.0015   -0.5509  -0.93761569
    3.3258   -0.1435    1.2876   -0.0034   -0.5720  -0.93761563
    3.3343   -0.1323    1.3354   -0.0083   -0.5905  -0.93761563
    3.3426   -0.1210    1.3856   -0.0133   -0.6049  -0.93761563
    3.3511   -0.1090    1.4419   -0.0185   -0.6145  -0.93761575
    3.3599   -0.0961    1.5043   -0.0239   -0.6164  -0.93761575
    3.3688   -0.0824    1.5722   -0.0293   -0.6068  -0.93761587
    3.3766   -0.0698    1.6343   -0.0340   -0.5851  -0.93761587
    3.3836   -0.0582    1.6893   -0.0380   -0.5526  -0.93761599
    3.3907   -0.0460    1.7420   -0.0418   -0.5046  -0.93761587
    3.3975   -0.0341    1.7847   -0.0450   -0.4448  -0.93761611
    3.4048   -0.0208    1.8185   -0.0480   -0.3655  -0.93761575
    3.4107   -0.0101    1.8330   -0.0499   -0.2957  -0.93761599
    3.4167    0.0009    1.8355   -0.0515   -0.2221  -0.93761599
    3.4225    0.0116    1.8263   -0.0525   -0.1519  -0.93761611
    3.4292    0.0236    1.8042   -0.0533   -0.0786  -0.93761611
    3.4345    0.0333    1.7790   -0.0536   -0.0253  -0.93761587
    3.4395    0.0420    1.7520   -0.0536    0.0176  -0.93761599
    3.4446    0.0509    1.7210   -0.0534    0.0565  -0.93761611
    3.4497    0.0595    1.6888   -0.0530    0.0891  -0.93761599
    3.4556    0.0694    1.6498   -0.0524    0.1210  -0.93761575
    3.4624    0.0804    1.6049   -0.0515    0.1499  -0.93761575
    3.4705    0.0933    1.5515   -0.0501    0.1757  -0.93761587
    3.4807    0.1087    1.4876   -0.0483    0.1968  -0.93761587
    3.4930    0.1266    1.4147   -0.0457    0.2103  -0.93761563
    3.5055    0.1439    1.3454   -0.0431    0.2143  -0.93761581
    3.5183    0.1606    1.2804   -0.0403    0.2114  -0.93761569
    3.5319    0.1777    1.2160   -0.0375    0.2028  -0.93761569
    3.5466    0.1951    1.1518   -0.0346    0.1896  -0.93761563
    3.5628    0.2131    1.0864   -0.0317    0.1718  -0.93761557
    3.5804    0.2317    1.0202   -0.0289    0.1502  -0.93761569
    3.6000    0.2510    0.9521   -0.0262    0.1250  -0.93761575
    3.6213    0.2705    0.8831   -0.0238    0.0974  -0.93761575
    3.6444    0.2901    0.8126   -0.0219    0.0679  -0.93761569
    3.6697    0.3098    0.7398   -0.0206    0.0372  -0.93761575
    3.6977    0.3294    0.6637   -0.0200    0.0059  -0.93761563
    3.7284    0.3486    0.5842   -0.0203   -0.0248  -0.93761575
    3.7624    0.3670    0.5000   -0.0216   -0.0537  -0.93761569
    3.8080    0.3873    0.3914   -0.0248   -0.0840  -0.93761569
    3.8552    0.4032    0.2832   -0.0293   -0.1046  -0.93761575
    3.9027    0.4141    0.1778   -0.0345   -0.1141  -0.93761575
    3.9492    0.4200    0.0772   -0.0398   -0.1124  -0.93761581
    3.9962    0.4213   -0.0223   -0.0449   -0.0998  -0.93761575
    4.0438    0.4179   -0.1214   -0.0491   -0.0758  -0.93761575
    4.0888    0.4104   -0.2138   -0.0518   -0.0428  -0.93761581
    4.1366    0.3978   -0.3109   -0.0528    0.0029  -0.93761581
    4.1886    0.3789   -0.4166   -0.0511    0.0652  -0.93761575
    4.2381    0.3558   -0.5187   -0.0461    0.1361  -0.93761575
    4.2773    0.3338   -0.6022   -0.0396    0.1998  -0.93761575
    4.3120    0.3115   -0.6798   -0.0316    0.2612  -0.93761575
    4.3411    0.2908   -0.7486   -0.0232    0.3152  -0.93761575
    4.3658    0.2715   -0.8112   -0.0148    0.3624  -0.93761575
    4.3867    0.2540   -0.8679   -0.0068    0.4023  -0.93761575
    4.4039    0.2386   -0.9182    0.0004    0.4344  -0.93761569
    4.4176    0.2257   -0.9609    0.0065    0.4589  -0.93761581
    4.4311    0.2125   -1.0053    0.0128    0.4813  -0.93761575
    4.4453    0.1979   -1.0554    0.0198    0.5024  -0.93761575
    4.4601    0.1819   -1.1118    0.0274    0.5204  -0.93761569
    4.4752    0.1645   -1.1742    0.0354    0.5325  -0.93761563
    4.4906    0.1460   -1.2422    0.0436    0.5356  -0.93761569
    4.5062    0.1260   -1.3158    0.0519    0.5253  -0.93761569
    4.5190    0.1089   -1.3779    0.0585    0.5038  -0.93761551
    4.5308    0.0922   -1.4356    0.0643    0.4705  -0.93761563
    4.5428    0.0746   -1.4910    0.0696    0.4220  -0.93761575
    4.5541    0.0575   -1.5371    0.0741    0.3620  -0.93761563
    4.5658    0.0394   -1.5746    0.0779    0.2868  -0.93761551
    4.5764    0.0224   -1.5972    0.0805    0.2084  -0.93761587
    4.5859    0.0073   -1.6060    0.0821    0.1349  -0.93761575
    4.5953   -0.0078   -1.6040    0.0831    0.0613  -0.93761575
    4.6042   -0.0221   -1.5925    0.0833   -0.0068  -0.93761611
    4.6132   -0.0363   -1.5726    0.0829   -0.0704  -0.93761587
    4.6233   -0.0520   -1.5423    0.0819   -0.1343  -0.93761587
    4.6336   -0.0677   -1.5045    0.0802   -0.1905  -0.93761575
    4.6436   -0.0826   -1.4635    0.0781   -0.2358  -0.93761599
    4.6542   -0.0979   -1.4175    0.0754   -0.2742  -0.93761599
    4.6658   -0.1140   -1.3661    0.0720   -0.3057  -0.93761587
    4.6787   -0.1312   -1.3091    0.0679   -0.3301  -0.93761599
    4.6937   -0.1504   -1.2442    0.0628   -0.3468  -0.93761599
    4.7123   -0.1728   -1.1682    0.0563   -0.3541  -0.93761617
    4.7312   -0.1942   -1.0962    0.0496   -0.3505  -0.93761611
    4.7505   -0.2147   -1.0277    0.0429   -0.3390  -0.93761611
    4.7706   -0.2347   -0.9616    0.0363   -0.3214  -0.93761605
    4.7916   -0.2542   -0.8973    0.0298   -0.2990  -0.93761599
    4.8137   -0.2733   -0.8346    0.0234   -0.2731  -0.93761611
    4.8366   -0.2918   -0.7733    0.0175   -0.2447  -0.93761611
    4.8606   -0.3096   -0.7128    0.0120   -0.2148  -0.93761611
    4.8854   -0.3265   -0.6534    0.0070   -0.1842  -0.93761617
    4.9109   -0.3424   -0.5950    0.0027   -0.1541  -0.93761617
    4.9366   -0.3570   -0.5383   -0.0009   -0.1252  -0.93761617
    4.9615   -0.3697   -0.4847   -0.0036   -0.0991  -0.93761623
    4.9859   -0.3809   -0.4337   -0.0058   -0.0756  -0.93761623
    5.0145   -0.3925   -0.3749   -0.0076   -0.0507  -0.93761623
    5.0500   -0.4045   -0.3032   -0.0089   -0.0240  -0.93761623
    5.0981   -0.4168   -0.2074   -0.0093    0.0042  -0.93761623
    5.1392   -0.4236   -0.1265   -0.0088    0.0208  -0.93761623
    5.1809   -0.4272   -0.0446   -0.0077    0.0306  -0.93761623
    5.2208   -0.4274    0.0336   -0.0064    0.0331  -0.93761623
    5.2591   -0.4247    0.1093   -0.0052    0.0293  -0.93761623
    5.2962   -0.4193    0.1829   -0.0043    0.0198  -0.93761623
    5.3324   -0.4113    0.2553   -0.0038    0.0051  -0.93761623
    5.3681   -0.4009    0.3279   -0.0039   -0.0146  -0.93761623
    5.4058   -0.3871    0.4060   -0.0050   -0.0407  -0.93761629
    5.4406   -0.3717    0.4800   -0.0069   -0.0695  -0.93761623
    5.4730   -0.3550    0.5513   -0.0096   -0.1001  -0.93761617
    5.5053   -0.3360    0.6252   -0.0134   -0.1337  -0.93761623
    5.5353   -0.3161    0.6974   -0.0179   -0.1671  -0.93761623
    5.5636   -0.2954    0.7692   -0.0231   -0.1995  -0.93761623
    5.5903   -0.2739    0.8418   -0.0288   -0.2302  -0.93761611
    5.6155   -0.2518    0.9154   -0.0350   -0.2577  -0.93761611
    5.6392   -0.2292    0.9904   -0.0414   -0.2806  -0.93761605
    5.6615   -0.2063    1.0670   -0.0478   -0.2972  -0.93761605
    5.6825   -0.1831    1.1455   -0.0541   -0.3055  -0.93761599
    5.7023   -0.1596    1.2257   -0.0602   -0.3035  -0.93761593
    5.7211   -0.1358    1.3078   -0.0658   -0.2881  -0.93761599
    5.7352   -0.1169    1.3723   -0.0697   -0.2647  -0.93761605
    5.7473   -0.1000    1.4282   -0.0727   -0.2342  -0.93761599
    5.7580   -0.0844    1.4778   -0.0750   -0.1969  -0.93761623
    5.7679   -0.0695    1.5216   -0.0768   -0.1531  -0.93761623
    5.7780   -0.0540    1.5625   -0.0781   -0.0984  -0.93761599
    5.7872   -0.0394    1.5947   -0.0787   -0.0393  -0.93761623
    5.7962   -0.0251    1.6189   -0.0788    0.0256  -0.93761587
    5.8058   -0.0093    1.6352   -0.0782    0.1027  -0.93761599
    5.8140    0.0041    1.6394   -0.0770    0.1715  -0.93761599
    5.8222    0.0175    1.6341   -0.0753    0.2405  -0.93761587
    5.8304    0.0309    1.6192   -0.0731    0.3072  -0.93761599
    5.8392    0.0450    1.5935   -0.0701    0.3731  -0.93761587
    5.8498    0.0617    1.5513   -0.0658    0.4415  -0.93761575
    5.8603    0.0778    1.5011   -0.0608    0.4953  -0.93761587
    5.8710    0.0935    1.4456   -0.0553    0.5349  -0.93761575
    5.8818    0.1087    1.3879   -0.0494    0.5611  -0.93761575
    5.8936    0.1248    1.3256   -0.0427    0.5762  -0.93761599
    5.9074    0.1426    1.2559   -0.0347    0.5797  -0.93761587
    5.9219    0.1603    1.1881   -0.0263    0.5712  -0.93761581
    5.9362    0.1768    1.1268   -0.0183    0.5545  -0.93761593
    5.9505    0.1925    1.0704   -0.0105    0.5321  -0.93761593
    5.9646    0.2073    1.0187   -0.0032    0.5061  -0.93761605
    5.9786    0.2212    0.9716    0.0037    0.4783  -0.93761599
    5.9917    0.2337    0.9300    0.0098    0.4507  -0.93761611
    6.0054    0.2461    0.8894    0.0158    0.4214  -0.93761611
    6.0210    0.2596    0.8456    0.0221    0.3876  -0.93761611
    6.0396    0.2749    0.7966    0.0289    0.3475  -0.93761611
    6.0614    0.2916    0.7423    0.0360    0.3013  -0.93761605
    6.0868    0.3098    0.6824    0.0430    0.2493  -0.93761611
    6.1164    0.3290    0.6159    0.0495    0.1921  -0.93761611
    6.1512    0.3491    0.5407    0.0551    0.1300  -0.93761611
    6.1931    0.3699    0.4525    0.0591    0.0631  -0.93761611
    6.2483    0.3917    0.3377    0.0605   -0.0114  -0.93761617
    6.2959    0.4054    0.2385    0.0587   -0.0628  -0.93761617
    6.3427    0.4143    0.1398    0.0548   -0.1017  -0.93761611
    6.3929    0.4186    0.0319    0.0489   -0.1305  -0.93761611
    6.4430    0.4174   -0.0781    0.0419   -0.1458  -0.93761611
    6.4891    0.4115   -0.1816    0.0351   -0.1479  -0.93761605
    6.5343    0.4009   -0.2858    0.0286   -0.1387  -0.93761611
    6.5795    0.3856   -0.3932    0.0227   -0.1184  -0.93761617
    6.6233    0.3660   -0.5011    0.0181   -0.0880  -0.93761611
    6.6667    0.3418   -0.6129    0.0152   -0.0478  -0.93761617
    6.6994    0.3204   -0.7015    0.0142   -0.0112  -0.93761623
    6.7241    0.3021   -0.7722    0.0143    0.0201  -0.93761623
    6.7471    0.2836   -0.8411    0.0151    0.0514  -0.93761629
    6.7697    0.2638   -0.9131    0.0166    0.0841  -0.93761623
    6.7908    0.2438   -0.9849    0.0187    0.1156  -0.93761623
    6.8123    0.2218   -1.0639    0.0216    0.1479  -0.93761623
    6.8297    0.2026   -1.1338    0.0244    0.1732  -0.93761623
    6.8455    0.1842   -1.2024    0.0273    0.1942  -0.93761605
    6.8598    0.1665   -1.2703    0.0302    0.2105  -0.93761611
    6.8743    0.1476   -1.3457    0.0333    0.2223  -0.93761611
    6.8874    0.1295   -1.4204    0.0363    0.2265  -0.93761611
    6.8993    0.1122   -1.4946    0.0389    0.2220  -0.93761623
    6.9104    0.0952   -1.5698    0.0413    0.2072  -0.93761599
    6.9214    0.0774   -1.6500    0.0435    0.1773  -0.93761599
    6.9279    0.0665   -1.6987    0.0446    0.1502  -0.93761599
    6.9339    0.0563   -1.7431    0.0453    0.1177  -0.93761587
    6.9391    0.0470   -1.7817    0.0459    0.0813  -0.93761575
    6.9439    0.0384   -1.8147    0.0462    0.0417  -0.93761587
    6.9483    0.0303   -1.8422    0.0463   -0.0006  -0.93761623
    6.9529    0.0219   -1.8663    0.0462   -0.0502  -0.93761599
    6.9570    0.0142   -1.8833    0.0458   -0.0999  -0.93761587
    6.9623    0.0041   -1.8961    0.0451   -0.1692  -0.93761587
    6.9670   -0.0048   -1.8975    0.0442   -0.2326  -0.93761623
    6.9717   -0.0137   -1.8890    0.0429   -0.2955  -0.93761587
    6.9765   -0.0227   -1.8708    0.0414   -0.3552  -0.93761599
    6.9819   -0.0326   -1.8399    0.0393   -0.4155  -0.93761623
    6.9879   -0.0435   -1.7961    0.0367   -0.4706  -0.93761611
    6.9939   -0.0543   -1.7459    0.0337   -0.5126  -0.93761623
    6.9999   -0.0646   -1.6936    0.0305   -0.5417  -0.93761587
    7.0066   -0.0757   -1.6359    0.0268   -0.5614  -0.93761599
    7.0145   -0.0884   -1.5697    0.0223   -0.5715  -0.93761587
    7.0230   -0.1015   -1.5033    0.0174   -0.5704  -0.93761635
    7.0315   -0.1139   -1.4433    0.0127   -0.5610  -0.93761623
    7.0400   -0.1259   -1.3877    0.0080   -0.5458  -0.93761599
    7.0486   -0.1377   -1.3359    0.0033   -0.5264  -0.93761611
    7.0573   -0.1491   -1.2880   -0.0012   -0.5042  -0.93761611
    7.0658   -0.1598   -1.2449   -0.0053   -0.4811  -0.93761623
    7.0740   -0.1699   -1.2059   -0.0092   -0.4578  -0.93761623
    7.0836   -0.1813   -1.1632   -0.0135   -0.4298  -0.93761629
    7.0949   -0.1942   -1.1166   -0.0181   -0.3965  -0.93761623
    7.1084   -0.2089   -1.0649   -0.0232   -0.3570  -0.93761623
    7.1243   -0.2254   -1.0086   -0.0285   -0.3113  -0.93761629
    7.1430   -0.2436   -0.9475   -0.0339   -0.2596  -0.93761623
    7.1652   -0.2639   -0.8798   -0.0390   -0.2011  -0.93761623
    7.1916   -0.2862   -0.8041   -0.0434   -0.1362  -0.93761635
    7.2243   -0.3110   -0.7158   -0.0466   -0.0633  -0.93761635
    7.2651   -0.3380   -0.6103   -0.0476    0.0163  -0.93761635
    7.3067   -0.3612   -0.5057   -0.0454    0.0848  -0.93761617
    7.3470   -0.3796   -0.4057   -0.0409    0.1391  -0.93761629
    7.3894   -0.3945   -0.3011   -0.0340    0.1838  -0.93761629
    7.4318   -0.4051   -0.1966   -0.0255    0.2158  -0.93761623
    7.4731   -0.4111   -0.0947   -0.0161    0.2349  -0.93761623
    7.5126   -0.4129    0.0031   -0.0067    0.2422  -0.93761623
    7.5457   -0.4115    0.0853    0.0014    0.2400  -0.93761629
    7.5747   -0.4079    0.1576    0.0082    0.2318  -0.93761617
    7.6029   -0.4025    0.2281    0.0146    0.2182  -0.93761623
    7.6338   -0.3942    0.3055    0.0210    0.1968  -0.93761623
    7.6679   -0.3824    0.3912    0.0272    0.1655  -0.93761623
    7.7042   -0.3665    0.4835    0.0325    0.1229  -0.93761617
    7.7422   -0.3463    0.5816    0.0361    0.0680  -0.93761617
    7.7812   -0.3216    0.6848    0.0375    0.0004  -0.93761617
    7.8213   -0.2919    0.7960    0.0359   -0.0813  -0.93761623
    7.8490   -0.2687    0.8775    0.0328   -0.1451  -0.93761629
    7.8738   -0.2461    0.9553    0.0284   -0.2070  -0.93761623
    7.8960   -0.2240    1.0309    0.0232   -0.2662  -0.93761623
    7.9152   -0.2035    1.1025    0.0176   -0.3198  -0.93761611
    7.9312   -0.1854    1.1679    0.0121   -0.3652  -0.93761629
    7.9445   -0.1695    1.2279    0.0070   -0.4030  -0.93761629
    7.9555   -0.1556    1.2826    0.0024   -0.4337  -0.93761629
    7.9644   -0.1440    1.3302   -0.0016   -0.4570  -0.93761635
    7.9722   -0.1335    1.3755   -0.0052   -0.4761  -0.93761635
    7.9799   -0.1228    1.4236   -0.0089   -0.4926  -0.93761635
    7.9877   -0.1113    1.4771   -0.0129   -0.5064  -0.93761623
    7.9957   -0.0993    1.5363   -0.0170   -0.5155  -0.93761635
    8.0037   -0.0867    1.6009   -0.0211   -0.5171  -0.93761635
    8.0116   -0.0738    1.6694   -0.0252   -0.5081  -0.93761635
    8.0195   -0.0603    1.7418   -0.0291   -0.4839  -0.93761623
    8.0252   -0.0503    1.7943   -0.0318   -0.4540  -0.93761647
    8.0312   -0.0393    1.8469   -0.0344   -0.4088  -0.93761611
    8.0367   -0.0292    1.8884   -0.0364   -0.3551  -0.93761623
    8.0421   -0.0189    1.9202   -0.0382   -0.2897  -0.93761647
    8.0468   -0.0098    1.9373   -0.0394   -0.2253  -0.93761647
    8.0512   -0.0012    1.9426   -0.0403   -0.1626  -0.93761635
    8.0555    0.0072    1.9378   -0.0408   -0.1005  -0.93761635
    8.0599    0.0157    1.9236   -0.0411   -0.0410  -0.93761647
    8.0645    0.0244    1.9005   -0.0412    0.0157  -0.93761659
    8.0683    0.0316    1.8764   -0.0411    0.0575  -0.93761671
    8.0724    0.0392    1.8468   -0.0407    0.0971  -0.93761623
    8.0767    0.0471    1.8133   -0.0402    0.1322  -0.93761659
    8.0815    0.0556    1.7742   -0.0395    0.1644  -0.93761647
    8.0869    0.0652    1.7290   -0.0386    0.1931  -0.93761647
    8.0933    0.0761    1.6765   -0.0372    0.2178  -0.93761659
    8.1015    0.0896    1.6121   -0.0354    0.2379  -0.93761659
    8.1110    0.1045    1.5420   -0.0331    0.2495  -0.93761659
    8.1207    0.1192    1.4755   -0.0306    0.2522  -0.93761659
    8.1307    0.1336    1.4124   -0.0281    0.2483  -0.93761647
    8.1414    0.1484    1.3501   -0.0255    0.2389  -0.93761671
    8.1532    0.1639    1.2874   -0.0228    0.2246  -0.93761665
    8.1660    0.1800    1.2243   -0.0200    0.2059  -0.93761671
    8.1799    0.1965    1.1615   -0.0173    0.1835  -0.93761688
    8.1949    0.2135    1.0988   -0.0147    0.1581  -0.93761677
    8.2110    0.2307    1.0361   -0.0124    0.1302  -0.93761665
    8.2283    0.2481    0.9732   -0.0104    0.1005  -0.93761659
    8.2470    0.2656    0.9097   -0.0088    0.0694  -0.93761659
    8.2670    0.2832    0.8452   -0.0078    0.0374  -0.93761653
    8.2888    0.3009    0.7788   -0.0073    0.0048  -0.93761665
    8.3128    0.3188    0.7089   -0.0076   -0.0282  -0.93761659
    8.3405    0.3373    0.6320   -0.0088   -0.0623  -0.93761659
    8.3783    0.3593    0.5313   -0.0120   -0.1017  -0.93761665
    8.4176    0.3782    0.4310   -0.0166   -0.1337  -0.93761659
    8.4566    0.3931    0.3346   -0.0223   -0.1564  -0.93761659
    8.4957    0.4043    0.2405   -0.0287   -0.1703  -0.93761653
    8.5363    0.4121    0.1452   -0.0358   -0.1751  -0.93761659
    8.5786    0.4162    0.0479   -0.0431   -0.1701  -0.93761659
    8.6228    0.4161   -0.0516   -0.0503   -0.1538  -0.93761665
    8.6676    0.4116   -0.1505   -0.0566   -0.1260  -0.93761659
    8.7113    0.4029   -0.2455   -0.0613   -0.0878  -0.93761659
    8.7598    0.3885   -0.3492   -0.0643   -0.0329  -0.93761659
    8.8094    0.3686   -0.4549   -0.0643    0.0370  -0.93761665
    8.8586    0.3436   -0.5606   -0.0605    0.1198  -0.93761665
    8.8970    0.3205   -0.6453   -0.0545    0.1935  -0.93761665
    8.9305    0.2976   -0.7227   -0.0468    0.2641  -0.93761671
    8.9604    0.2748   -0.7965   -0.0379    0.3315  -0.93761671
    8.9859    0.2537   -0.8643   -0.0287    0.3913  -0.93761671
    9.0075    0.2343   -0.9269   -0.0197    0.4427  -0.93761671
    9.0257    0.2169   -0.9845   -0.0113    0.4856  -0.93761671
    9.0410    0.2015   -1.0373   -0.0036    0.5203  -0.93761683
    9.0534    0.1884   -1.0837    0.0030    0.5466  -0.93761671
    9.0657    0.1747   -1.1337    0.0099    0.5704  -0.93761671
    9.0770    0.1616   -1.1833    0.0165    0.5887  -0.93761653
    9.0886    0.1475   -1.2383    0.0234    0.6028  -0.93761671
    9.1007    0.1323   -1.2999    0.0307    0.6100  -0.93761659
    9.1131    0.1157   -1.3681    0.0383    0.6065  -0.93761659
    9.1261    0.0974   -1.4431    0.0461    0.5864  -0.93761671
    9.1362    0.0826   -1.5014    0.0518    0.5562  -0.93761659
    9.1464    0.0669   -1.5583    0.0573    0.5096  -0.93761683
    9.1561    0.0516   -1.6057    0.0620    0.4505  -0.93761694
    9.1663    0.0351   -1.6445    0.0662    0.3738  -0.93761671
    9.1752    0.0203   -1.6661    0.0692    0.2973  -0.93761671
    9.1842    0.0052   -1.6744    0.0715    0.2155  -0.93761683
    9.1926   -0.0088   -1.6698    0.0730    0.1402  -0.93761683
    9.2012   -0.0231   -1.6539    0.0739    0.0664  -0.93761694
    9.2094   -0.0366   -1.6301    0.0741    0.0026  -0.93761671
    9.2161   -0.0473   -1.6059    0.0740   -0.0439  -0.93761694
    9.2239   -0.0599   -1.5731    0.0735   -0.0922  -0.93761671
    9.2315   -0.0717   -1.5384    0.0726   -0.1320  -0.93761659
    9.2404   -0.0851   -1.4962    0.0713   -0.1700  -0.93761659
    9.2498   -0.0990   -1.4499    0.0695   -0.2023  -0.93761671
    9.2606   -0.1144   -1.3969    0.0672   -0.2297  -0.93761677
    9.2732   -0.1316   -1.3366    0.0641   -0.2513  -0.93761671
    9.2891   -0.1522   -1.2639    0.0600   -0.2661  -0.93761665
    9.3063   -0.1733   -1.1901    0.0554   -0.2705  -0.93761665
    9.3242   -0.1940   -1.1189    0.0506   -0.2663  -0.93761671
    9.3430   -0.2144   -1.0494    0.0456   -0.2553  -0.93761671
    9.3630   -0.2347   -0.9810    0.0407   -0.2387  -0.93761671
    9.3843   -0.2548   -0.9133    0.0358   -0.2178  -0.93761671
    9.4070   -0.2748   -0.8460    0.0312   -0.1934  -0.93761671
    9.4312   -0.2945   -0.7788    0.0268   -0.1665  -0.93761671
    9.4572   -0.3138   -0.7110    0.0228   -0.1379  -0.93761665
    9.4850   -0.3326   -0.6420    0.0194   -0.1083  -0.93761671
    9.5148   -0.3507   -0.5717    0.0166   -0.0788  -0.93761659
    9.5471   -0.3680   -0.4984    0.0146   -0.0497  -0.93761659
    9.5825   -0.3842   -0.4209    0.0133   -0.0221  -0.93761659
    9.6229   -0.3995   -0.3352    0.0130    0.0037  -0.93761653
    9.6765   -0.4145   -0.2246    0.0139    0.0277  -0.93761653
    9.7210   -0.4225   -0.1348    0.0154    0.0386  -0.93761659
    9.7656   -0.4265   -0.0460    0.0172    0.0412  -0.93761653
    9.8094   -0.4266    0.0407    0.0189    0.0354  -0.93761653
    9.8536   -0.4229    0.1276    0.0202    0.0214  -0.93761653
    9.8978   -0.4153    0.2144    0.0207   -0.0007  -0.93761653
    9.9443   -0.4032    0.3063    0.0199   -0.0327  -0.93761653
    9.9941   -0.3855    0.4064    0.0172   -0.0766  -0.93761653
   10.0362   -0.3666    0.4932    0.0131   -0.1209  -0.93761653
   10.0699   -0.3487    0.5651    0.0084   -0.1605  -0.93761653
   10.0981   -0.3319    0.6276    0.0033   -0.1962  -0.93761653
   10.1212   -0.3168    0.6809   -0.0015   -0.2267  -0.93761647
   10.1414   -0.3026    0.7295   -0.0064   -0.2540  -0.93761647
   10.1609   -0.2879    0.7786   -0.0116   -0.2804  -0.93761653
   10.1812   -0.2715    0.8325   -0.0176   -0.3076  -0.93761659
   10.2023   -0.2534    0.8919   -0.0244   -0.3346  -0.93761659
   10.2234   -0.2339    0.9557   -0.0317   -0.3591  -0.93761659
   10.2442   -0.2133    1.0237   -0.0394   -0.3791  -0.93761659
   10.2644   -0.1919    1.0952   -0.0472   -0.3923  -0.93761653
   10.2840   -0.1697    1.1700   -0.0549   -0.3960  -0.93761659
   10.3030   -0.1467    1.2480   -0.0624   -0.3873  -0.93761665
   10.3187   -0.1266    1.3158   -0.0683   -0.3674  -0.93761659
   10.3322   -0.1085    1.3746   -0.0731   -0.3386  -0.93761665
   10.3445   -0.0912    1.4279   -0.0770   -0.3006  -0.93761671
   10.3571   -0.0729    1.4793   -0.0805   -0.2488  -0.93761671
   10.3686   -0.0556    1.5212   -0.0830   -0.1893  -0.93761659
   10.3799   -0.0383    1.5544   -0.0848   -0.1206  -0.93761671
   10.3920   -0.0192    1.5787   -0.0858   -0.0362  -0.93761659
   10.4003   -0.0061    1.5869   -0.0858    0.0251  -0.93761671
   10.4088    0.0074    1.5874   -0.0853    0.0894  -0.93761671
   10.4166    0.0197    1.5809   -0.0844    0.1473  -0.93761683
   10.4249    0.0328    1.5666   -0.0829    0.2074  -0.93761694
   10.4345    0.0477    1.5420   -0.0806    0.2710  -0.93761671
   10.4472    0.0670    1.4984   -0.0767    0.3436  -0.93761683
   10.4599    0.0857    1.4459   -0.0720    0.4012  -0.93761694
   10.4716    0.1024    1.3932   -0.0670    0.4409  -0.93761694
   10.4839    0.1191    1.3367   -0.0614    0.4693  -0.93761694
   10.4973    0.1366    1.2755   -0.0550    0.4877  -0.93761700
   10.5127    0.1557    1.2076   -0.0474    0.4955  -0.93761694
   10.5300    0.1760    1.1359   -0.0388    0.4916  -0.93761700
   10.5472    0.1950    1.0700   -0.0305    0.4782  -0.93761700
   10.5645    0.2129    1.0089   -0.0224    0.4583  -0.93761694
   10.5821    0.2301    0.9514   -0.0145    0.4336  -0.93761706
   10.6000    0.2467    0.8969   -0.0070    0.4055  -0.93761706
   10.6179    0.2624    0.8460   -0.0000    0.3756  -0.93761700
   10.6354    0.2767    0.7994    0.0063    0.3459  -0.93761683
   10.6511    0.2890    0.7593    0.0115    0.3187  -0.93761694
   10.6692    0.3023    0.7153    0.0170    0.2878  -0.93761688
   10.6906    0.3171    0.6655    0.0228    0.2519  -0.93761694
   10.7159    0.3331    0.6091    0.0286    0.2109  -0.93761694
   10.7451    0.3500    0.5462    0.0341    0.1660  -0.93761694
   10.7793    0.3675    0.4750    0.0390    0.1174  -0.93761688
   10.8199    0.3851    0.3926    0.0427    0.0661  -0.93761694
   10.8706    0.4024    0.2908    0.0446    0.0118  -0.93761688
   10.9213    0.4146    0.1895    0.0440   -0.0309  -0.93761683
   10.9716    0.4216    0.0881    0.0417   -0.0616  -0.93761683
   11.0219    0.4234   -0.0145    0.0380   -0.0805  -0.93761688
   11.0709    0.4203   -0.1163    0.0339   -0.0875  -0.93761688
   11.1151    0.4130   -0.2101    0.0301   -0.0842  -0.93761694
   11.1627    0.4006   -0.3136    0.0263   -0.0704  -0.93761688
   11.2104    0.3831   -0.4207    0.0235   -0.0461  -0.93761688
   11.2597    0.3595   -0.5362    0.0221   -0.0104  -0.93761688
   11.2901    0.3421   -0.6109    0.0222    0.0168  -0.93761694
   11.3186    0.3237   -0.6839    0.0230    0.0454  -0.93761683
   11.3466    0.3035   -0.7593    0.0247    0.0760  -0.93761683
   11.3753    0.2805   -0.8417    0.0274    0.1093  -0.93761683
   11.4014    0.2575   -0.9225    0.0307    0.1403  -0.93761671
   11.4253    0.2345   -1.0025    0.0343    0.1678  -0.93761671
   11.4470    0.2119   -1.0815    0.0382    0.1904  -0.93761683
   11.4666    0.1899   -1.1597    0.0421    0.2069  -0.93761688
   11.4844    0.1687   -1.2372    0.0459    0.2163  -0.93761688
   11.5006    0.1480   -1.3146    0.0494    0.2175  -0.93761700
   11.5157    0.1276   -1.3928    0.0527    0.2087  -0.93761700
   11.5305    0.1063   -1.4753    0.0556    0.1864  -0.93761683
   11.5407    0.0910   -1.5352    0.0574    0.1600  -0.93761694
   11.5491    0.0779   -1.5852    0.0586    0.1294  -0.93761694
   11.5565    0.0660   -1.6291    0.0594    0.0945  -0.93761694
   11.5630    0.0553   -1.6667    0.0599    0.0564  -0.93761694
   11.5689    0.0453   -1.6989    0.0601    0.0151  -0.93761683
   11.5742    0.0362   -1.7250    0.0601   -0.0270  -0.93761694
   11.5797    0.0267   -1.7483    0.0598   -0.0761  -0.93761718
   11.5855    0.0165   -1.7673    0.0592   -0.1329  -0.93761706
   11.5931    0.0030   -1.7814    0.0579   -0.2148  -0.93761706
   11.5993   -0.0080   -1.7819    0.0564   -0.2843  -0.93761718
   11.6056   -0.0192   -1.7714    0.0543   -0.3542  -0.93761694
   11.6119   -0.0303   -1.7503    0.0519   -0.4194  -0.93761718
   11.6188   -0.0423   -1.7162    0.0488   -0.4833  -0.93761730
   11.6273   -0.0568   -1.6631    0.0444   -0.5459  -0.93761730
   11.6352   -0.0696   -1.6080    0.0399   -0.5874  -0.93761754
   11.6429   -0.0818   -1.5517    0.0353   -0.6141  -0.93761730
   11.6515   -0.0948   -1.4906    0.0299   -0.6299  -0.93761730
   11.6616   -0.1095   -1.4216    0.0235   -0.6343  -0.93761742
   11.6719   -0.1239   -1.3564    0.0170   -0.6271  -0.93761730
   11.6820   -0.1373   -1.2980    0.0108   -0.6122  -0.93761718
   11.6921   -0.1501   -1.2447    0.0047   -0.5922  -0.93761718
   11.7021   -0.1623   -1.1961   -0.0011   -0.5689  -0.93761718
   11.7117   -0.1735   -1.1531   -0.0065   -0.5445  -0.93761712
   11.7208   -0.1839   -1.1151   -0.0113   -0.5201  -0.93761718
   11.7312   -0.1953   -1.0743   -0.0166   -0.4913  -0.93761724
   11.7436   -0.2083   -1.0294   -0.0225   -0.4566  -0.93761712
   11.7583   -0.2231   -0.9798   -0.0289   -0.4152  -0.93761718
   11.7757   -0.2396   -0.9259   -0.0357   -0.3671  -0.93761706
   11.7959   -0.2577   -0.8674   -0.0425   -0.3127  -0.93761706
   11.8198   -0.2777   -0.8028   -0.0493   -0.2512  -0.93761706
   11.8483   -0.2995   -0.7306   -0.0554   -0.1827  -0.93761706
   11.8826   -0.3232   -0.6476   -0.0604   -0.1072  -0.93761706
   11.9264   -0.3493   -0.5453   -0.0632   -0.0224  -0.93761706
   11.9724   -0.3719   -0.4394   -0.0624    0.0531  -0.93761712
   12.0174   -0.3893   -0.3362   -0.0586    0.1133  -0.93761712
   12.0616   -0.4019   -0.2338   -0.0525    0.1598  -0.93761718
   12.1086   -0.4104   -0.1236   -0.0441    0.1953  -0.93761712
   12.1548   -0.4135   -0.0137   -0.0346    0.2162  -0.93761718
   12.1994   -0.4117    0.0941   -0.0247    0.2233  -0.93761718
   12.2414   -0.4056    0.1973   -0.0154    0.2180  -0.93761718
   12.2811   -0.3958    0.2965   -0.0070    0.2023  -0.93761724
   12.3137   -0.3848    0.3793   -0.0008    0.1814  -0.93761718
   12.3407   -0.3736    0.4491    0.0038    0.1585  -0.93761730
   12.3670   -0.3609    0.5181    0.0077    0.1315  -0.93761730
   12.3946   -0.3456    0.5922    0.0108    0.0979  -0.93761730
   12.4252   -0.3262    0.6768    0.0132    0.0544  -0.93761736
   12.4585   -0.3020    0.7729    0.0141   -0.0006  -0.93761742
   12.4836   -0.2817    0.8490    0.0135   -0.0472  -0.93761742
   12.5067   -0.2612    0.9234    0.0119   -0.0941  -0.93761742
   12.5285   -0.2403    0.9982    0.0093   -0.1413  -0.93761748
   12.5467   -0.2216    1.0653    0.0064   -0.1828  -0.93761742
   12.5619   -0.2050    1.1257    0.0033   -0.2185  -0.93761730
   12.5744   -0.1905    1.1796    0.0004   -0.2484  -0.93761742
   12.5843   -0.1787    1.2246   -0.0021   -0.2716  -0.93761742
   12.5939   -0.1666    1.2716   -0.0049   -0.2940  -0.93761742
   12.6036   -0.1540    1.3226   -0.0078   -0.3156  -0.93761730
   12.6136   -0.1406    1.3792   -0.0111   -0.3361  -0.93761730
   12.6235   -0.1266    1.4408   -0.0145   -0.3537  -0.93761742
   12.6331   -0.1124    1.5063   -0.0180   -0.3665  -0.93761730
   12.6422   -0.0984    1.5749   -0.0214   -0.3724  -0.93761730
   12.6509   -0.0845    1.6459   -0.0246   -0.3696  -0.93761730
   12.6591   -0.0707    1.7189   -0.0275   -0.3553  -0.93761718
   12.6660   -0.0586    1.7835   -0.0299   -0.3310  -0.93761718
   12.6712   -0.0491    1.8336   -0.0316   -0.3021  -0.93761742
   12.6761   -0.0401    1.8782   -0.0330   -0.2662  -0.93761742
   12.6811   -0.0306    1.9205   -0.0342   -0.2185  -0.93761730
   12.6856   -0.0218    1.9531   -0.0351   -0.1649  -0.93761730
   12.6903   -0.0126    1.9771   -0.0357   -0.1016  -0.93761730
   12.6939   -0.0055    1.9873   -0.0360   -0.0491  -0.93761718
   12.6971    0.0009    1.9897   -0.0360   -0.0006  -0.93761742
   12.6998    0.0062    1.9866   -0.0360    0.0403  -0.93761742
   12.7024    0.0114    1.9793   -0.0358    0.0784  -0.93761730
   12.7054    0.0174    1.9657   -0.0355    0.1214  -0.93761730
   12.7093    0.0250    1.9419   -0.0349    0.1711  -0.93761718
   12.7137    0.0334    1.9086   -0.0341    0.2191  -0.93761718
   12.7182    0.0419    1.8698   -0.0330    0.2596  -0.93761706
   12.7228    0.0504    1.8268   -0.0317    0.2926  -0.93761706
   12.7279    0.0597    1.7783   -0.0302    0.3197  -0.93761706
   12.7339    0.0701    1.7226   -0.0282    0.3409  -0.93761730
   12.7417    0.0833    1.6533   -0.0255    0.3558  -0.93761718
   12.7497    0.0963    1.5868   -0.0226    0.3603  -0.93761706
   12.7580    0.1091    1.5237   -0.0196    0.3570  -0.93761706
   12.7666    0.1221    1.4629   -0.0166    0.3476  -0.93761694
   12.7758    0.1352    1.4039   -0.0134    0.3332  -0.93761706
   12.7856    0.1487    1.3464   -0.0103    0.3148  -0.93761694
   12.7959    0.1622    1.2908   -0.0071    0.2932  -0.93761706
   12.8067    0.1759    1.2369   -0.0041    0.2690  -0.93761718
   12.8179    0.1894    1.1851   -0.0012    0.2433  -0.93761712
   12.8292    0.2025    1.1361    0.0014    0.2170  -0.93761712
   12.8401    0.2146    1.0917    0.0036    0.1919  -0.93761712
   12.8514    0.2268    1.0477    0.0056    0.1659  -0.93761712
   12.8647    0.2404    0.9991    0.0076    0.1365  -0.93761718
   12.8805    0.2557    0.9441    0.0095    0.1025  -0.93761718
   12.8994    0.2730    0.8818    0.0111    0.0639  -0.93761718
   12.9216    0.2918    0.8123    0.0120    0.0214  -0.93761706
   12.9485    0.3126    0.7324    0.0120   -0.0252  -0.93761718
   12.9842    0.3369    0.6315    0.0101   -0.0794  -0.93761706
   13.0187    0.3571    0.5379    0.0066   -0.1232  -0.93761706
   13.0533    0.3741    0.4469    0.0017   -0.1587  -0.93761706
   13.0810    0.3855    0.3754   -0.0031   -0.1814  -0.93761712
   13.1079    0.3947    0.3071   -0.0082   -0.1983  -0.93761706
   13.1354    0.4021    0.2385   -0.0138   -0.2107  -0.93761712
   13.1660    0.4083    0.1626   -0.0204   -0.2186  -0.93761712
   13.2001    0.4124    0.0797   -0.0279   -0.2201  -0.93761712
   13.2375    0.4137   -0.0105   -0.0360   -0.2131  -0.93761706
   13.2779    0.4113   -0.1063   -0.0443   -0.1954  -0.93761712
   13.3179    0.4052   -0.1999   -0.0516   -0.1675  -0.93761712
   13.3618    0.3942   -0.3013   -0.0581   -0.1251  -0.93761724
   13.4072    0.3782   -0.4049   -0.0625   -0.0683  -0.93761718
   13.4534    0.3570   -0.5103   -0.0641    0.0033  -0.93761724
   13.4992    0.3313   -0.6158   -0.0620    0.0879  -0.93761718
   13.5387    0.3051   -0.7097   -0.0569    0.1721  -0.93761712
   13.5701    0.2816   -0.7879   -0.0504    0.2462  -0.93761712
   13.5978    0.2588   -0.8618   -0.0426    0.3167  -0.93761718
   13.6223    0.2367   -0.9327   -0.0340    0.3826  -0.93761718
   13.6433    0.2165   -0.9992   -0.0254    0.4405  -0.93761712
   13.6608    0.1984   -1.0608   -0.0172    0.4894  -0.93761718
   13.6756    0.1824   -1.1180   -0.0097    0.5296  -0.93761712
   13.6879    0.1683   -1.1704   -0.0030    0.5615  -0.93761712
   13.6979    0.1564   -1.2168    0.0027    0.5853  -0.93761712
   13.7077    0.1441   -1.2666    0.0086    0.6062  -0.93761712
   13.7169    0.1324   -1.3164    0.0142    0.6217  -0.93761706
   13.7262    0.1198   -1.3718    0.0201    0.6325  -0.93761730
   13.7359    0.1063   -1.4335    0.0262    0.6356  -0.93761718
   13.7458    0.0917   -1.5018    0.0325    0.6271  -0.93761742
   13.7546    0.0782   -1.5644    0.0379    0.6060  -0.93761718
   13.7626    0.0655   -1.6208    0.0426    0.5733  -0.93761730
   13.7707    0.0521   -1.6746    0.0471    0.5248  -0.93761718
   13.7784    0.0390   -1.7187    0.0509    0.4636  -0.93761730
   13.7868    0.0244   -1.7538    0.0545    0.3826  -0.93761706
   13.7936    0.0124   -1.7694    0.0568    0.3102  -0.93761718
   13.8005    0.0002   -1.7727    0.0587    0.2341  -0.93761694
   13.8073   -0.0117   -1.7641    0.0601    0.1615  -0.93761694
   13.8149   -0.0251   -1.7424    0.0610    0.0854  -0.93761694
   13.8212   -0.0360   -1.7170    0.0613    0.0294  -0.93761706
   13.8268   -0.0456   -1.6898    0.0614   -0.0152  -0.93761706
   13.8328   -0.0556   -1.6581    0.0612   -0.0562  -0.93761694
   13.8385   -0.0649   -1.6263    0.0608   -0.0894  -0.93761718
   13.8453   -0.0759   -1.5867    0.0600   -0.1229  -0.93761706
   13.8529   -0.0878   -1.5422    0.0590   -0.1524  -0.93761694
   13.8620   -0.1016   -1.4894    0.0575   -0.1789  -0.93761683
   13.8730   -0.1177   -1.4272    0.0554   -0.2006  -0.93761694
   13.8871   -0.1372   -1.3525    0.0524   -0.2155  -0.93761700
   13.9016   -0.1563   -1.2805    0.0493   -0.2202  -0.93761688
   13.9165   -0.1748   -1.2121    0.0460   -0.2172  -0.93761683
   13.9320   -0.1932   -1.1460    0.0427   -0.2084  -0.93761683
   13.9488   -0.2118   -1.0798    0.0393   -0.1945  -0.93761677
   13.9671   -0.2310   -1.0129    0.0359   -0.1762  -0.93761683
   13.9872   -0.2506   -0.9448    0.0326   -0.1539  -0.93761683
   14.0091   -0.2706   -0.8755    0.0295   -0.1285  -0.93761677
   14.0329   -0.2906   -0.8050    0.0268   -0.1007  -0.93761671
   14.0588   -0.3104   -0.7330    0.0245   -0.0715  -0.93761671
   14.0870   -0.3300   -0.6587    0.0229   -0.0416  -0.93761659
   14.1181   -0.3493   -0.5806    0.0221   -0.0117  -0.93761665
   14.1530   -0.3681   -0.4968    0.0222    0.0175  -0.93761671
   14.1907   -0.3852   -0.4100    0.0234    0.0431  -0.93761665
   14.2454   -0.4043   -0.2885    0.0265    0.0692  -0.93761665
   14.2939   -0.4157   -0.1845    0.0302    0.0809  -0.93761671
   14.3421   -0.4222   -0.0834    0.0342    0.0818  -0.93761665
   14.3899   -0.4238    0.0148    0.0379    0.0720  -0.93761665
   14.4381   -0.4207    0.1124    0.0409    0.0514  -0.93761671
   14.4822   -0.4138    0.2008    0.0426    0.0233  -0.93761677
   14.5304   -0.4018    0.2971    0.0428   -0.0177  -0.93761677
   14.5829   -0.3835    0.4021    0.0404   -0.0738  -0.93761671
   14.6308   -0.3619    0.4999    0.0354   -0.1352  -0.93761671
   14.6707   -0.3403    0.5841    0.0289   -0.1932  -0.93761677
   14.7038   -0.3197    0.6574    0.0216   -0.2454  -0.93761677
   14.7319   -0.3003    0.7229    0.0141   -0.2916  -0.93761683
   14.7558   -0.2824    0.7819    0.0067   -0.3318  -0.93761671
   14.7755   -0.2664    0.8339   -0.0002   -0.3650  -0.93761683
   14.7911   -0.2531    0.8773   -0.0061   -0.3906  -0.93761671
   14.8064   -0.2393    0.9222   -0.0123   -0.4146  -0.93761683
   14.8224   -0.2242    0.9723   -0.0191   -0.4381  -0.93761677
   14.8392   -0.2073    1.0288   -0.0266   -0.4596  -0.93761677
   14.8564   -0.1891    1.0910   -0.0347   -0.4767  -0.93761677
   14.8736   -0.1698    1.1583   -0.0430   -0.4866  -0.93761671
   14.8908   -0.1493    1.2306   -0.0514   -0.4858  -0.93761677
   14.9081   -0.1273    1.3078   -0.0597   -0.4701  -0.93761677
   14.9214   -0.1095    1.3685   -0.0658   -0.4447  -0.93761671
   14.9338   -0.0922    1.4245   -0.0711   -0.4081  -0.93761671
   14.9463   -0.0741    1.4777   -0.0759   -0.3570  -0.93761647
   14.9581   -0.0563    1.5217   -0.0797   -0.2952  -0.93761671
   14.9702   -0.0377    1.5570   -0.0828   -0.2194  -0.93761659
   14.9811   -0.0206    1.5776   -0.0848   -0.1424  -0.93761671
   14.9905   -0.0057    1.5853   -0.0858   -0.0726  -0.93761671
   14.9999    0.0091    1.5834   -0.0862   -0.0025  -0.93761659
   15.0084    0.0226    1.5734   -0.0859    0.0600  -0.93761647
   15.0162    0.0347    1.5582   -0.0853    0.1137  -0.93761647
   15.0255    0.0491    1.5332   -0.0839    0.1728  -0.93761647
   15.0364    0.0657    1.4962   -0.0817    0.2337  -0.93761671
   15.0479    0.0826    1.4516   -0.0787    0.2862  -0.93761671
   15.0591    0.0987    1.4041   -0.0752    0.3269  -0.93761647
   15.0712    0.1153    1.3515   -0.0711    0.3594  -0.93761659
   15.0845    0.1328    1.2936   -0.0662    0.3835  -0.93761653
   15.0996    0.1519    1.2291   -0.0602    0.3990  -0.93761647
   15.1179    0.1738    1.1549   -0.0528    0.4043  -0.93761659
   15.1367    0.1948    1.0838   -0.0453    0.3987  -0.93761659
   15.1558    0.2149    1.0169   -0.0378    0.3851  -0.93761653
   15.1755    0.2342    0.9530   -0.0304    0.3654  -0.93761659
   15.1959    0.2530    0.8915   -0.0232    0.3412  -0.93761659
   15.2170    0.2712    0.8320   -0.0163    0.3137  -0.93761659
   15.2387    0.2886    0.7746   -0.0098    0.2841  -0.93761665
   15.2608    0.3051    0.7195   -0.0038    0.2536  -0.93761659
   15.2830    0.3205    0.6668    0.0015    0.2233  -0.93761653
   15.3043    0.3342    0.6182    0.0059    0.1948  -0.93761659
   15.3250    0.3465    0.5725    0.0097    0.1682  -0.93761653
   15.3489    0.3596    0.5210    0.0133    0.1389  -0.93761653
   15.3775    0.3736    0.4612    0.0168    0.1062  -0.93761647
   15.4116    0.3882    0.3917    0.0198    0.0711  -0.93761653
   15.4527    0.4025    0.3095    0.0220    0.0347  -0.93761653
   15.5073    0.4165    0.2015    0.0228   -0.0034  -0.93761653
   15.5552    0.4239    0.1073    0.0220   -0.0265  -0.93761653
   15.6035    0.4268    0.0122    0.0204   -0.0400  -0.93761653
   15.6503    0.4252   -0.0808    0.0184   -0.0437  -0.93761659
   15.6945    0.4197   -0.1694    0.0165   -0.0386  -0.93761647
   15.7393    0.4100   -0.2609    0.0151   -0.0249  -0.93761653
   15.7843    0.3962   -0.3548    0.0144   -0.0029  -0.93761653
   15.8259    0.3796   -0.4440    0.0149    0.0247  -0.93761647
   15.8639    0.3611   -0.5286    0.0164    0.0556  -0.93761647
   15.8987    0.3414   -0.6092    0.0189    0.0881  -0.93761653
   15.9300    0.3211   -0.6856    0.0221    0.1203  -0.93761653
   15.9615    0.2983   -0.7668    0.0264    0.1545  -0.93761665
   15.9903    0.2750   -0.8466    0.0313    0.1864  -0.93761659
   16.0166    0.2517   -0.9254    0.0366    0.2145  -0.93761647
   16.0409    0.2282   -1.0043    0.0421    0.2378  -0.93761659
   16.0635    0.2047   -1.0840    0.0477    0.2547  -0.93761665
   16.0843    0.1813   -1.1647    0.0531    0.2635  -0.93761659
   16.1038    0.1579   -1.2466    0.0582    0.2623  -0.93761665
   16.1220    0.1344   -1.3296    0.0629    0.2486  -0.93761659
   16.1366    0.1145   -1.4000    0.0664    0.2249  -0.93761653
   16.1479    0.0984   -1.4559    0.0688    0.1963  -0.93761659
   16.1579    0.0835   -1.5058    0.0706    0.1615  -0.93761671
   16.1670    0.0697   -1.5497    0.0719    0.1212  -0.93761647
   16.1752    0.0567   -1.5873    0.0727    0.0764  -0.93761647
   16.1837    0.0432   -1.6220    0.0731    0.0219  -0.93761659
   16.1913    0.0307   -1.6483    0.0731   -0.0347  -0.93761647
   16.1985    0.0187   -1.6671    0.0726   -0.0939  -0.93761635
   16.2081    0.0026   -1.6807    0.0713   -0.1792  -0.93761659
   16.2158   -0.0103   -1.6807    0.0697   -0.2502  -0.93761659
   16.2236   -0.0233   -1.6700    0.0674   -0.3210  -0.93761635
   16.2314   -0.0362   -1.6488    0.0647   -0.3879  -0.93761659
   16.2400   -0.0504   -1.6148    0.0610   -0.4538  -0.93761647
   16.2509   -0.0676   -1.5603    0.0557   -0.5207  -0.93761635
   16.2609   -0.0829   -1.5037    0.0503   -0.5649  -0.93761647
   16.2705   -0.0972   -1.4465    0.0447   -0.5932  -0.93761635
   16.2809   -0.1119   -1.3853    0.0384   -0.6099  -0.93761659
   16.2930   -0.1282   -1.3175    0.0310   -0.6151  -0.93761647
   16.3060   -0.1449   -1.2493    0.0230   -0.6080  -0.93761629
   16.3187   -0.1603   -1.1885    0.0154   -0.5923  -0.93761635
   16.3312   -0.1749   -1.1331    0.0081   -0.5710  -0.93761629
   16.3438   -0.1888   -1.0823    0.0011   -0.5458  -0.93761623
   16.3560   -0.2017   -1.0368   -0.0054   -0.5190  -0.93761629
   16.3672   -0.2132   -0.9975   -0.0111   -0.4930  -0.93761635
   16.3797   -0.2253   -0.9568   -0.0170   -0.4633  -0.93761629
   16.3941   -0.2388   -0.9126   -0.0235   -0.4284  -0.93761623
   16.4112   -0.2540   -0.8634   -0.0305   -0.3869  -0.93761623
   16.4314   -0.2708   -0.8096   -0.0378   -0.3389  -0.93761623
   16.4548   -0.2891   -0.7506   -0.0451   -0.2848  -0.93761623
   16.4822   -0.3088   -0.6856   -0.0520   -0.2247  -0.93761623
   16.5145   -0.3297   -0.6126   -0.0582   -0.1587  -0.93761611
   16.5535   -0.3520   -0.5272   -0.0630   -0.0865  -0.93761623
   16.6037   -0.3757   -0.4193   -0.0652   -0.0060  -0.93761623
   16.6502   -0.3929   -0.3199   -0.0640    0.0556  -0.93761623
   16.6960   -0.4053   -0.2208   -0.0603    0.1043  -0.93761617
   16.7435   -0.4133   -0.1166   -0.0544    0.1422  -0.93761617
   16.7933   -0.4164   -0.0051   -0.0466    0.1680  -0.93761611
   16.8356   -0.4145    0.0915   -0.0393    0.1786  -0.93761611
   16.8769   -0.4088    0.1881   -0.0318    0.1789  -0.93761617
   16.9214   -0.3981    0.2942   -0.0241    0.1679  -0.93761605
   16.9644   -0.3832    0.3998   -0.0173    0.1462  -0.93761611
   17.0052   -0.3647    0.5035   -0.0119    0.1153  -0.93761605
   17.0441   -0.3432    0.6060   -0.0082    0.0765  -0.93761611
   17.0822   -0.3180    0.7119   -0.0061    0.0298  -0.93761617
   17.1078   -0.2989    0.7867   -0.0058   -0.0062  -0.93761617
   17.1298   -0.2808    0.8544   -0.0063   -0.0401  -0.93761611
   17.1506   -0.2624    0.9218   -0.0075   -0.0741  -0.93761605
   17.1714   -0.2425    0.9939   -0.0094   -0.1099  -0.93761599
   17.1905   -0.2228    1.0651   -0.0118   -0.1436  -0.93761605
   17.2081   -0.2034    1.1363   -0.0146   -0.1748  -0.93761611
   17.2244   -0.1843    1.2084   -0.0177   -0.2027  -0.93761605
   17.2395   -0.1655    1.2815   -0.0210   -0.2263  -0.93761611
   17.2534   -0.1472    1.3558   -0.0242   -0.2444  -0.93761617
   17.2661   -0.1296    1.4310   -0.0274   -0.2557  -0.93761623
   17.2775   -0.1128    1.5057   -0.0304   -0.2589  -0.93761599
   17.2879   -0.0968    1.5801   -0.0330   -0.2529  -0.93761611
   17.2978   -0.0808    1.6567   -0.0354   -0.2353  -0.93761611
   17.3058   -0.0672    1.7230   -0.0372   -0.2085  -0.93761611
   17.3116   -0.0571    1.7717   -0.0384   -0.1801  -0.93761611
   17.3168   -0.0478    1.8152   -0.0392   -0.1463  -0.93761611
   17.3215   -0.0391    1.8530   -0.0398   -0.1079  -0.93761611
   17.3264   -0.0300    1.8883   -0.0402   -0.0603  -0.93761623
   17.3308   -0.0217    1.9153   -0.0404   -0.0100  -0.93761611
   17.3350   -0.0135    1.9352   -0.0403    0.0448  -0.93761623
   17.3391   -0.0056    1.9467   -0.0400    0.1010  -0.93761623
   17.3432    0.0025    1.9497   -0.0395    0.1613  -0.93761623
   17.3471    0.0101    1.9439   -0.0387    0.2173  -0.93761623
   17.3511    0.0179    1.9293   -0.0378    0.2725  -0.93761635
   17.3557    0.0266    1.9038   -0.0364    0.3291  -0.93761635
   17.3610    0.0366    1.8647   -0.0345    0.3849  -0.93761611
   17.3664    0.0465    1.8183   -0.0323    0.4292  -0.93761611
   17.3717    0.0560    1.7695   -0.0299    0.4612  -0.93761611
   17.3775    0.0661    1.7155   -0.0272    0.4848  -0.93761611
   17.3843    0.0775    1.6537   -0.0238    0.5002  -0.93761599
   17.3923    0.0905    1.5851   -0.0198    0.5056  -0.93761599
   17.4002    0.1029    1.5224   -0.0158    0.5014  -0.93761599
   17.4083    0.1150    1.4638   -0.0118    0.4905  -0.93761599
   17.4167    0.1269    1.4086   -0.0077    0.4747  -0.93761587
   17.4252    0.1387    1.3566   -0.0038    0.4551  -0.93761611
   17.4339    0.1503    1.3079    0.0001    0.4331  -0.93761599
   17.4425    0.1613    1.2636    0.0037    0.4102  -0.93761599
   17.4504    0.1712    1.2250    0.0069    0.3881  -0.93761605
   17.4595    0.1822    1.1834    0.0103    0.3624  -0.93761587
   17.4705    0.1949    1.1367    0.0141    0.3314  -0.93761605
   17.4838    0.2096    1.0842    0.0183    0.2943  -0.93761605
   17.4993    0.2260    1.0270    0.0225    0.2517  -0.93761605
   17.5176    0.2442    0.9643    0.0267    0.2034  -0.93761599
   17.5393    0.2644    0.8949    0.0305    0.1492  -0.93761593
   17.5653    0.2867    0.8168    0.0336    0.0888  -0.93761587
   17.5976    0.3116    0.7252    0.0353    0.0212  -0.93761599
   17.6380    0.3386    0.6163    0.0347   -0.0519  -0.93761599
   17.6838    0.3641    0.4968    0.0307   -0.1201  -0.93761599
   17.7251    0.3825    0.3912    0.0247   -0.1683  -0.93761605
   17.7649    0.3960    0.2908    0.0172   -0.2032  -0.93761605
   17.8034    0.4054    0.1943    0.0089   -0.2263  -0.93761611
   17.8401    0.4108    0.1029    0.0004   -0.2386  -0.93761605
   17.8686    0.4127    0.0322   -0.0065   -0.2417  -0.93761611
   17.8961    0.4127   -0.0361   -0.0131   -0.2394  -0.93761605
   17.9261    0.4105   -0.1101   -0.0202   -0.2310  -0.93761611
   17.9597    0.4054   -0.1929   -0.0277   -0.2141  -0.93761605
   17.9965    0.3966   -0.2831   -0.0351   -0.1867  -0.93761611
   18.0354    0.3837   -0.3787   -0.0416   -0.1473  -0.93761617
   18.0759    0.3664   -0.4783   -0.0466   -0.0951  -0.93761617
   18.1174    0.3444   -0.5815   -0.0492   -0.0293  -0.93761617
   18.1597    0.3176   -0.6889   -0.0488    0.0507  -0.93761623
   18.1968    0.2902   -0.7875   -0.0454    0.1321  -0.93761623
   18.2254    0.2666   -0.8679   -0.0407    0.2019  -0.93761611
   18.2504    0.2439   -0.9433   -0.0348    0.2679  -0.93761623
   18.2726    0.2221   -1.0162   -0.0282    0.3301  -0.93761617
   18.2920    0.2018   -1.0858   -0.0212    0.3861  -0.93761611
   18.3080    0.1839   -1.1498   -0.0147    0.4333  -0.93761629
   18.3214    0.1681   -1.2088   -0.0086    0.4723  -0.93761617
   18.3326    0.1543   -1.2629   -0.0031    0.5037  -0.93761617
   18.3417    0.1426   -1.3110    0.0015    0.5275  -0.93761617
   18.3495    0.1321   -1.3559    0.0058    0.5461  -0.93761611
   18.3573    0.1215   -1.4039    0.0100    0.5619  -0.93761599
   18.3653    0.1100   -1.4575    0.0146    0.5743  -0.93761611
   18.3734    0.0979   -1.5171    0.0193    0.5808  -0.93761611
   18.3817    0.0851   -1.5820    0.0241    0.5785  -0.93761599
   18.3900    0.0717   -1.6517    0.0289    0.5631  -0.93761599
   18.3966    0.0606   -1.7085    0.0325    0.5386  -0.93761611
   18.4027    0.0499   -1.7607    0.0357    0.5031  -0.93761611
   18.4090    0.0387   -1.8094    0.0387    0.4533  -0.93761635
   18.4150    0.0277   -1.8482    0.0413    0.3923  -0.93761635
   18.4217    0.0153   -1.8774    0.0436    0.3122  -0.93761659
   18.4268    0.0057   -1.8876    0.0450    0.2451  -0.93761647
   18.4319   -0.0040   -1.8865    0.0461    0.1765  -0.93761659
   18.4371   -0.0137   -1.8747    0.0469    0.1107  -0.93761647
   18.4431   -0.0249   -1.8497    0.0473    0.0403  -0.93761635
   18.4475   -0.0331   -1.8249    0.0474   -0.0064  -0.93761635
   18.4517   -0.0407   -1.7986    0.0473   -0.0446  -0.93761647
   18.4560   -0.0484   -1.7691    0.0470   -0.0791  -0.93761635
   18.4610   -0.0570   -1.7339    0.0465   -0.1123  -0.93761659
   18.4666   -0.0666   -1.6927    0.0458   -0.1430  -0.93761647
   18.4730   -0.0774   -1.6452    0.0448   -0.1705  -0.93761647
   18.4808   -0.0899   -1.5895    0.0434   -0.1940  -0.93761635
   18.4912   -0.1062   -1.5177    0.0412   -0.2131  -0.93761647
   18.5023   -0.1225   -1.4473    0.0388   -0.2220  -0.93761647
   18.5133   -0.1381   -1.3821    0.0364   -0.2227  -0.93761647
   18.5248   -0.1536   -1.3195    0.0338   -0.2174  -0.93761647
   18.5372   -0.1696   -1.2569    0.0312   -0.2071  -0.93761659
   18.5508   -0.1862   -1.1934    0.0285   -0.1921  -0.93761659
   18.5658   -0.2036   -1.1288    0.0257   -0.1728  -0.93761659
   18.5822   -0.2217   -1.0632    0.0231   -0.1497  -0.93761653
   18.6002   -0.2402   -0.9968    0.0206   -0.1234  -0.93761659
   18.6197   -0.2589   -0.9297    0.0185   -0.0949  -0.93761659
   18.6409   -0.2779   -0.8613    0.0168   -0.0645  -0.93761659
   18.6640   -0.2970   -0.7910    0.0157   -0.0329  -0.93761653
   18.6895   -0.3162   -0.7176    0.0153   -0.0005  -0.93761665
   18.7181   -0.3356   -0.6393    0.0157    0.0323  -0.93761659
   18.7492   -0.3542   -0.5581    0.0172    0.0634  -0.93761659
   18.7930   -0.3762   -0.4484    0.0208    0.0987  -0.93761665
   18.8375   -0.3938   -0.3414    0.0258    0.1241  -0.93761665
   18.8819   -0.4067   -0.2378    0.0317    0.1388  -0.93761671
   18.9261   -0.4149   -0.1379    0.0380    0.1430  -0.93761665
   18.9710   -0.4189   -0.0384    0.0443    0.1365  -0.93761659
   19.0174   -0.4184    0.0619    0.0502    0.1185  -0.93761665
   19.0616   -0.4135    0.1560    0.0549    0.0908  -0.93761665
   19.1073   -0.4042    0.2517    0.0582    0.0514  -0.93761665
   19.1569   -0.3892    0.3546    0.0594   -0.0036  -0.93761671
   19.2078   -0.3684    0.4601    0.0575   -0.0733  -0.93761665
   19.2550   -0.3444    0.5596    0.0523   -0.1495  -0.93761659
   19.2925   -0.3219    0.6413    0.0455   -0.2174  -0.93761671
   19.3260   -0.2991    0.7181    0.0371   -0.2832  -0.93761671
   19.3545   -0.2776    0.7881    0.0282   -0.3422  -0.93761671
   19.3786   -0.2579    0.8516    0.0193   -0.3932  -0.93761671
   19.3990   -0.2399    0.9100    0.0109   -0.4365  -0.93761671
   19.4161   -0.2239    0.9630    0.0031   -0.4718  -0.93761665
   19.4301   -0.2102    1.0094   -0.0037   -0.4991  -0.93761671
   19.4438   -0.1960    1.0586   -0.0107   -0.5239  -0.93761688
   19.4566   -0.1821    1.1079   -0.0176   -0.5441  -0.93761677
   19.4699   -0.1670    1.1634   -0.0249   -0.5608  -0.93761671
   19.4836   -0.1507    1.2249   -0.0327   -0.5713  -0.93761665
   19.4976   -0.1331    1.2924   -0.0407   -0.5723  -0.93761671
   19.5119   -0.1141    1.3660   -0.0488   -0.5590  -0.93761659
   19.5234   -0.0980    1.4267   -0.0551   -0.5345  -0.93761659
   19.5354   -0.0805    1.4886   -0.0613   -0.4931  -0.93761671
   19.5463   -0.0640    1.5403   -0.0664   -0.4399  -0.93761683
   19.5569   -0.0474    1.5831   -0.0707   -0.3736  -0.93761671
   19.5688   -0.0284    1.6169   -0.0746   -0.2857  -0.93761683
   19.5779   -0.0135    1.6307   -0.0769   -0.2114  -0.93761671
   19.5872    0.0016    1.6328   -0.0785   -0.1344  -0.93761659
   19.5961    0.0160    1.6239   -0.0794   -0.0620  -0.93761647
   19.6054    0.0310    1.6044   -0.0796    0.0089  -0.93761659
   19.6132    0.0436    1.5812   -0.0793    0.0637  -0.93761659
   19.6225    0.0581    1.5477   -0.0785    0.1204  -0.93761647
   19.6313    0.0716    1.5119   -0.0772    0.1661  -0.93761659
   19.6407    0.0856    1.4706   -0.0755    0.2066  -0.93761659
   19.6509    0.1004    1.4239   -0.0732    0.2415  -0.93761659
   19.6622    0.1161    1.3719   -0.0703    0.2704  -0.93761665
   19.6751    0.1334    1.3134   -0.0666    0.2929  -0.93761659
   19.6906    0.1532    1.2455   -0.0620    0.3081  -0.93761677
   19.7087    0.1751    1.1706   -0.0563    0.3136  -0.93761659
   19.7272    0.1961    1.0992   -0.0505    0.3095  -0.93761671
   19.7465    0.2167    1.0302   -0.0446    0.2980  -0.93761677
   19.7669    0.2369    0.9629   -0.0388    0.2808  -0.93761677
   19.7883    0.2569    0.8970   -0.0330    0.2590  -0.93761665
   19.8110    0.2765    0.8319   -0.0274    0.2337  -0.93761683
   19.8349    0.2956    0.7674   -0.0221    0.2059  -0.93761671
   19.8601    0.3141    0.7034   -0.0173    0.1765  -0.93761671
   19.8867    0.3320    0.6392   -0.0130    0.1464  -0.93761671
   19.9147    0.3489    0.5747   -0.0093    0.1163  -0.93761683
   19.9438    0.3647    0.5100   -0.0064    0.0872  -0.93761671
   19.9745    0.3794    0.4441   -0.0041    0.0596  -0.93761671
   20.0000    0.3900    0.3905   -0.0029    0.0392  -0.93761671
