    0.0000    0.0000   -1.6350    0.0870    0.0000  -0.84920418
    0.0020   -0.0033   -1.6348    0.0870   -0.0149  -0.84920394
    0.0041   -0.0068   -1.6340    0.0869   -0.0302  -0.84920371
    0.0085   -0.0138   -1.6310    0.0867   -0.0616  -0.84920382
    0.0121   -0.0198   -1.6269    0.0865   -0.0877  -0.84920394
    0.0174   -0.0283   -1.6185    0.0859   -0.1243  -0.84920382
    0.0247   -0.0401   -1.6023    0.0848   -0.1725  -0.84920382
    0.0347   -0.0559   -1.5732    0.0828   -0.2320  -0.84920394
    0.0456   -0.0730   -1.5338    0.0799   -0.2875  -0.84920382
    0.0570   -0.0901   -1.4879    0.0764   -0.3333  -0.84920382
    0.0683   -0.1068   -1.4390    0.0724   -0.3678  -0.84920394
    0.0805   -0.1239   -1.3858    0.0678   -0.3935  -0.84920406
    0.0940   -0.1422   -1.3274    0.0623   -0.4105  -0.84920400
    0.1098   -0.1627   -1.2615    0.0558   -0.4180  -0.84920406
    0.1280   -0.1850   -1.1903    0.0482   -0.4144  -0.84920424
    0.1464   -0.2062   -1.1240    0.0407   -0.4013  -0.84920418
    0.1651   -0.2267   -1.0614    0.0333   -0.3814  -0.84920418
    0.1845   -0.2467   -1.0016    0.0262   -0.3564  -0.84920412
    0.2047   -0.2664   -0.9439    0.0193   -0.3273  -0.84920418
    0.2257   -0.2855   -0.8881    0.0127   -0.2953  -0.84920406
    0.2473   -0.3042   -0.8340    0.0067   -0.2616  -0.84920400
    0.2692   -0.3219   -0.7823    0.0014   -0.2275  -0.84920412
    0.2908   -0.3382   -0.7337   -0.0032   -0.1946  -0.84920394
    0.3108   -0.3525   -0.6903   -0.0068   -0.1648  -0.84920400
    0.3324   -0.3669   -0.6450   -0.0100   -0.1340  -0.84920406
    0.3576   -0.3825   -0.5936   -0.0130   -0.0999  -0.84920400
    0.3878   -0.3995   -0.5336   -0.0154   -0.0619  -0.84920394
    0.4244   -0.4177   -0.4628   -0.0169   -0.0206  -0.84920394
    0.4701   -0.4369   -0.3759   -0.0168    0.0236  -0.84920394
    0.5174   -0.4526   -0.2874   -0.0148    0.0601  -0.84920400
    0.5658   -0.4643   -0.1975   -0.0112    0.0876  -0.84920394
    0.6103   -0.4713   -0.1151   -0.0069    0.1040  -0.84920400
    0.6517   -0.4744   -0.0385   -0.0024    0.1115  -0.84920394
    0.6854   -0.4747    0.0238    0.0014    0.1121  -0.84920394
    0.7186   -0.4729    0.0851    0.0051    0.1078  -0.84920394
    0.7497   -0.4693    0.1427    0.0083    0.0995  -0.84920394
    0.7838   -0.4634    0.2057    0.0115    0.0856  -0.84920394
    0.8213   -0.4544    0.2755    0.0143    0.0644  -0.84920394
    0.8621   -0.4416    0.3517    0.0164    0.0346  -0.84920394
    0.9057   -0.4244    0.4342    0.0170   -0.0051  -0.84920394
    0.9536   -0.4015    0.5263    0.0156   -0.0574  -0.84920394
    0.9934   -0.3790    0.6054    0.0123   -0.1075  -0.84920394
    1.0258   -0.3583    0.6722    0.0081   -0.1524  -0.84920388
    1.0529   -0.3392    0.7306    0.0034   -0.1923  -0.84920394
    1.0753   -0.3223    0.7810   -0.0013   -0.2264  -0.84920394
    1.0946   -0.3069    0.8263   -0.0059   -0.2564  -0.84920394
    1.1133   -0.2910    0.8724   -0.0110   -0.2856  -0.84920394
    1.1328   -0.2734    0.9234   -0.0169   -0.3157  -0.84920382
    1.1529   -0.2543    0.9793   -0.0235   -0.3454  -0.84920382
    1.1732   -0.2338    1.0401   -0.0308   -0.3729  -0.84920394
    1.1931   -0.2124    1.1050   -0.0385   -0.3958  -0.84920377
    1.2125   -0.1904    1.1733   -0.0463   -0.4116  -0.84920382
    1.2312   -0.1678    1.2451   -0.0541   -0.4180  -0.84920377
    1.2495   -0.1444    1.3205   -0.0617   -0.4116  -0.84920371
    1.2641   -0.1246    1.3835   -0.0676   -0.3942  -0.84920371
    1.2769   -0.1065    1.4400   -0.0725   -0.3671  -0.84920382
    1.2888   -0.0890    1.4911   -0.0766   -0.3305  -0.84920382
    1.3008   -0.0708    1.5393   -0.0803   -0.2809  -0.84920394
    1.3121   -0.0532    1.5789   -0.0832   -0.2221  -0.84920394
    1.3235   -0.0350    1.6100   -0.0853   -0.1520  -0.84920394
    1.3338   -0.0184    1.6281   -0.0865   -0.0813  -0.84920406
    1.3423   -0.0045    1.6347   -0.0869   -0.0202  -0.84920371
    1.3496    0.0075    1.6340   -0.0869    0.0336  -0.84920371
    1.3570    0.0195    1.6273   -0.0865    0.0867  -0.84920382
    1.3645    0.0316    1.6146   -0.0856    0.1382  -0.84920394
    1.3733    0.0457    1.5930   -0.0841    0.1948  -0.84920394
    1.3848    0.0639    1.5559   -0.0815    0.2593  -0.84920394
    1.3964    0.0817    1.5112   -0.0782    0.3124  -0.84920406
    1.4076    0.0984    1.4641   -0.0744    0.3520  -0.84920406
    1.4193    0.1152    1.4131   -0.0701    0.3820  -0.84920406
    1.4322    0.1331    1.3567   -0.0651    0.4035  -0.84920418
    1.4468    0.1524    1.2945   -0.0591    0.4159  -0.84920412
    1.4645    0.1746    1.2234   -0.0517    0.4177  -0.84920406
    1.4827    0.1963    1.1548   -0.0441    0.4086  -0.84920406
    1.5012    0.2171    1.0906   -0.0367    0.3917  -0.84920412
    1.5203    0.2373    1.0296   -0.0295    0.3688  -0.84920418
    1.5402    0.2572    0.9708   -0.0224    0.3414  -0.84920412
    1.5608    0.2766    0.9142   -0.0157    0.3107  -0.84920412
    1.5819    0.2953    0.8597   -0.0095    0.2779  -0.84920406
    1.6036    0.3134    0.8071   -0.0038    0.2441  -0.84920412
    1.6254    0.3304    0.7569    0.0011    0.2104  -0.84920412
    1.6465    0.3460    0.7103    0.0053    0.1785  -0.84920406
    1.6669    0.3599    0.6670    0.0086    0.1489  -0.84920406
    1.6903    0.3750    0.6185    0.0117    0.1163  -0.84920406
    1.7183    0.3915    0.5623    0.0144    0.0797  -0.84920406
    1.7518    0.4093    0.4967    0.0164    0.0397  -0.84920412
    1.7926    0.4279    0.4186    0.0171   -0.0030  -0.84920406
    1.8503    0.4490    0.3100    0.0155   -0.0518  -0.84920406
    1.8957    0.4611    0.2255    0.0125   -0.0802  -0.84920412
    1.9409    0.4694    0.1418    0.0084   -0.0998  -0.84920412
    1.9834    0.4737    0.0632    0.0039   -0.1100  -0.84920412
    2.0227    0.4748   -0.0095   -0.0005   -0.1125  -0.84920406
    2.0535    0.4736   -0.0664   -0.0040   -0.1098  -0.84920406
    2.0835    0.4708   -0.1219   -0.0072   -0.1031  -0.84920406
    2.1162    0.4658   -0.1825   -0.0104   -0.0914  -0.84920406
    2.1528    0.4579   -0.2503   -0.0134   -0.0729  -0.84920412
    2.1923    0.4466   -0.3241   -0.0158   -0.0463  -0.84920406
    2.2348    0.4311   -0.4039   -0.0170   -0.0105  -0.84920406
    2.2805    0.4106   -0.4914   -0.0164    0.0364  -0.84920406
    2.3241    0.3874   -0.5769   -0.0137    0.0888  -0.84920406
    2.3586    0.3663   -0.6470   -0.0099    0.1351  -0.84920412
    2.3879    0.3464   -0.7090   -0.0053    0.1773  -0.84920412
    2.4122    0.3286   -0.7626   -0.0006    0.2139  -0.84920412
    2.4313    0.3135   -0.8069    0.0038    0.2435  -0.84920406
    2.4500    0.2981   -0.8519    0.0086    0.2726  -0.84920406
    2.4691    0.2813   -0.9004    0.0141    0.3023  -0.84920406
    2.4890    0.2628   -0.9543    0.0205    0.3325  -0.84920406
    2.5094    0.2428   -1.0134    0.0275    0.3614  -0.84920400
    2.5296    0.2218   -1.0766    0.0351    0.3866  -0.84920394
    2.5491    0.2000   -1.1433    0.0428    0.4058  -0.84920394
    2.5681    0.1777   -1.2138    0.0507    0.4166  -0.84920394
    2.5866    0.1546   -1.2877    0.0584    0.4162  -0.84920400
    2.6048    0.1304   -1.3655    0.0659    0.4006  -0.84920382
    2.6180    0.1120   -1.4232    0.0710    0.3767  -0.84920394
    2.6301    0.0944   -1.4759    0.0754    0.3431  -0.84920371
    2.6425    0.0759   -1.5268    0.0793    0.2959  -0.84920371
    2.6539    0.0582   -1.5688    0.0824    0.2398  -0.84920347
    2.6652    0.0402   -1.6025    0.0847    0.1730  -0.84920347
    2.6782    0.0193   -1.6277    0.0864    0.0854  -0.84920347
    2.6867    0.0054   -1.6348    0.0869    0.0238  -0.84920335
    2.6941   -0.0066   -1.6345    0.0869   -0.0299  -0.84920347
    2.7013   -0.0185   -1.6283    0.0865   -0.0823  -0.84920359
    2.7086   -0.0303   -1.6165    0.0857   -0.1329  -0.84920335
    2.7172   -0.0441   -1.5961    0.0843   -0.1886  -0.84920347
    2.7295   -0.0635   -1.5571    0.0815   -0.2579  -0.84920323
    2.7412   -0.0815   -1.5121    0.0782   -0.3117  -0.84920323
    2.7524   -0.0981   -1.4652    0.0745   -0.3513  -0.84920335
    2.7640   -0.1149   -1.4142    0.0702   -0.3815  -0.84920335
    2.7768   -0.1327   -1.3582    0.0652   -0.4031  -0.84920353
    2.7914   -0.1520   -1.2962    0.0592   -0.4156  -0.84920353
    2.8090   -0.1742   -1.2249    0.0518   -0.4177  -0.84920347
    2.8272   -0.1958   -1.1565    0.0443   -0.4088  -0.84920353
    2.8457   -0.2166   -1.0923    0.0369   -0.3921  -0.84920365
    2.8647   -0.2368   -1.0312    0.0296   -0.3694  -0.84920365
    2.8845   -0.2566   -0.9726    0.0226   -0.3422  -0.84920359
    2.9050   -0.2760   -0.9160    0.0159   -0.3116  -0.84920359
    2.9262   -0.2948   -0.8613    0.0096   -0.2787  -0.84920359
    2.9480   -0.3130   -0.8083    0.0039   -0.2446  -0.84920365
    2.9699   -0.3301   -0.7580   -0.0011   -0.2108  -0.84920359
    2.9909   -0.3455   -0.7116   -0.0052   -0.1792  -0.84920359
    3.0111   -0.3595   -0.6685   -0.0085   -0.1497  -0.84920359
    3.0345   -0.3746   -0.6199   -0.0116   -0.1170  -0.84920371
    3.0625   -0.3911   -0.5637   -0.0144   -0.0804  -0.84920359
    3.0957   -0.4088   -0.4986   -0.0164   -0.0407  -0.84920359
    3.1363   -0.4274   -0.4209   -0.0171    0.0020  -0.84920359
    3.1933   -0.4484   -0.3135   -0.0156    0.0506  -0.84920365
    3.2386   -0.4606   -0.2292   -0.0126    0.0793  -0.84920371
    3.2840   -0.4691   -0.1451   -0.0085    0.0993  -0.84920371
    3.3265   -0.4736   -0.0664   -0.0040    0.1099  -0.84920365
    3.3660   -0.4748    0.0066    0.0004    0.1127  -0.84920365
    3.3966   -0.4737    0.0631    0.0038    0.1102  -0.84920371
    3.4263   -0.4710    0.1181    0.0070    0.1038  -0.84920365
    3.4583   -0.4663    0.1773    0.0102    0.0927  -0.84920365
    3.4942   -0.4588    0.2440    0.0132    0.0749  -0.84920365
    3.5334   -0.4478    0.3171    0.0156    0.0492  -0.84920365
    3.5758   -0.4326    0.3968    0.0170    0.0140  -0.84920365
    3.6213   -0.4126    0.4836    0.0166   -0.0320  -0.84920365
    3.6656   -0.3893    0.5702    0.0141   -0.0845  -0.84920371
    3.7006   -0.3681    0.6411    0.0103   -0.1311  -0.84920371
    3.7303   -0.3481    0.7037    0.0058   -0.1737  -0.84920371
    3.7551   -0.3300    0.7583    0.0010   -0.2111  -0.84920371
    3.7749   -0.3145    0.8039   -0.0035   -0.2416  -0.84920365
    3.7943   -0.2985    0.8506   -0.0084   -0.2720  -0.84920371
    3.8137   -0.2815    0.8998   -0.0140   -0.3021  -0.84920371
    3.8336   -0.2631    0.9535   -0.0203   -0.3322  -0.84920371
    3.8540   -0.2431    1.0125   -0.0274   -0.3612  -0.84920365
    3.8741   -0.2221    1.0756   -0.0349   -0.3865  -0.84920382
    3.8937   -0.2003    1.1425   -0.0427   -0.4058  -0.84920382
    3.9127   -0.1780    1.2128   -0.0505   -0.4168  -0.84920382
    3.9311   -0.1550    1.2865   -0.0582   -0.4166  -0.84920371
    3.9493   -0.1308    1.3640   -0.0657   -0.4013  -0.84920359
    3.9625   -0.1125    1.4218   -0.0708   -0.3777  -0.84920382
    3.9747   -0.0948    1.4747   -0.0752   -0.3443  -0.84920382
    3.9871   -0.0762    1.5259   -0.0792   -0.2972  -0.84920382
    3.9986   -0.0585    1.5682   -0.0823   -0.2412  -0.84920371
    4.0099   -0.0406    1.6020   -0.0847   -0.1746  -0.84920371
    4.0228   -0.0196    1.6275   -0.0864   -0.0871  -0.84920359
    4.0314   -0.0057    1.6348   -0.0869   -0.0255  -0.84920335
    4.0389    0.0066    1.6346   -0.0869    0.0294  -0.84920347
    4.0462    0.0185    1.6283   -0.0865    0.0820  -0.84920359
    4.0534    0.0302    1.6167   -0.0857    0.1320  -0.84920359
    4.0620    0.0440    1.5963   -0.0843    0.1878  -0.84920359
    4.0739    0.0628    1.5585   -0.0816    0.2556  -0.84920359
    4.0857    0.0810    1.5134   -0.0783    0.3101  -0.84920359
    4.0969    0.0976    1.4666   -0.0746    0.3501  -0.84920359
    4.1085    0.1144    1.4157   -0.0703    0.3805  -0.84920347
    4.1213    0.1321    1.3599   -0.0653    0.4023  -0.84920353
    4.1357    0.1513    1.2982   -0.0594    0.4151  -0.84920353
    4.1533    0.1735    1.2271   -0.0521    0.4175  -0.84920353
    4.1715    0.1952    1.1584   -0.0445    0.4090  -0.84920341
    4.1900    0.2160    1.0941   -0.0371    0.3924  -0.84920347
    4.2091    0.2363    1.0328   -0.0298    0.3698  -0.84920365
    4.2289    0.2561    0.9740   -0.0228    0.3427  -0.84920353
    4.2493    0.2755    0.9174   -0.0161    0.3122  -0.84920347
    4.2706    0.2944    0.8625   -0.0098    0.2793  -0.84920353
    4.2922    0.3124    0.8100   -0.0041    0.2456  -0.84920347
    4.3139    0.3295    0.7599    0.0008    0.2121  -0.84920347
    4.3349    0.3450    0.7133    0.0050    0.1802  -0.84920359
    4.3550    0.3589    0.6705    0.0083    0.1510  -0.84920347
    4.3782    0.3739    0.6224    0.0114    0.1185  -0.84920353
    4.4058    0.3903    0.5667    0.0142    0.0823  -0.84920347
    4.4389    0.4079    0.5019    0.0162    0.0426  -0.84920353
    4.4790    0.4265    0.4249    0.0171    0.0001  -0.84920353
    4.5347    0.4473    0.3201    0.0157   -0.0480  -0.84920353
    4.5801    0.4599    0.2354    0.0128   -0.0775  -0.84920347
    4.6256    0.4687    0.1511    0.0088   -0.0981  -0.84920353
    4.6682    0.4734    0.0721    0.0043   -0.1093  -0.84920353
    4.7078    0.4748   -0.0010   -0.0001   -0.1126  -0.84920359
    4.7382    0.4739   -0.0571   -0.0035   -0.1105  -0.84920359
    4.7677    0.4715   -0.1116   -0.0067   -0.1046  -0.84920353
    4.7998    0.4669   -0.1711   -0.0099   -0.0939  -0.84920347
    4.8355    0.4596   -0.2373   -0.0130   -0.0768  -0.84920353
    4.8747    0.4489   -0.3103   -0.0155   -0.0517  -0.84920359
    4.9167    0.4342   -0.3891   -0.0170   -0.0176  -0.84920359
    4.9619    0.4147   -0.4752   -0.0168    0.0274  -0.84920359
    5.0138    0.3874   -0.5767   -0.0138    0.0889  -0.84920359
    5.0484    0.3662   -0.6471   -0.0099    0.1354  -0.84920347
    5.0776    0.3464   -0.7089   -0.0054    0.1775  -0.84920353
    5.1020    0.3285   -0.7627   -0.0006    0.2142  -0.84920359
    5.1213    0.3134   -0.8072    0.0038    0.2441  -0.84920359
    5.1402    0.2977   -0.8530    0.0087    0.2737  -0.84920365
    5.1592    0.2810   -0.9012    0.0142    0.3031  -0.84920353
    5.1790    0.2626   -0.9548    0.0205    0.3331  -0.84920359
    5.1993    0.2426   -1.0138    0.0276    0.3620  -0.84920341
    5.2195    0.2216   -1.0771    0.0351    0.3872  -0.84920353
    5.2391    0.1998   -1.1440    0.0429    0.4063  -0.84920359
    5.2581    0.1774   -1.2144    0.0507    0.4171  -0.84920353
    5.2765    0.1544   -1.2883    0.0584    0.4165  -0.84920353
    5.2948    0.1301   -1.3661    0.0659    0.4007  -0.84920347
    5.3079    0.1118   -1.4237    0.0710    0.3767  -0.84920359
    5.3200    0.0942   -1.4764    0.0754    0.3430  -0.84920347
    5.3324    0.0757   -1.5272    0.0794    0.2957  -0.84920359
    5.3438    0.0580   -1.5690    0.0824    0.2395  -0.84920335
    5.3551    0.0401   -1.6026    0.0848    0.1727  -0.84920335
    5.3667    0.0213   -1.6258    0.0863    0.0945  -0.84920347
    5.3755    0.0070   -1.6342    0.0869    0.0315  -0.84920359
    5.3831   -0.0054   -1.6346    0.0869   -0.0240  -0.84920335
    5.3905   -0.0175   -1.6288    0.0866   -0.0775  -0.84920359
    5.3977   -0.0293   -1.6175    0.0858   -0.1281  -0.84920335
    5.4062   -0.0429   -1.5979    0.0845   -0.1835  -0.84920359
    5.4177   -0.0611   -1.5622    0.0820   -0.2497  -0.84920335
    5.4297   -0.0796   -1.5169    0.0786   -0.3062  -0.84920323
    5.4409   -0.0963   -1.4704    0.0750   -0.3470  -0.84920335
    5.4525   -0.1130   -1.4200    0.0708   -0.3781  -0.84920323
    5.4651   -0.1306   -1.3648    0.0658   -0.4007  -0.84920323
    5.4793   -0.1496   -1.3038    0.0600   -0.4143  -0.84920329
    5.4963   -0.1712   -1.2344    0.0529   -0.4178  -0.84920329
    5.5146   -0.1930   -1.1653    0.0454   -0.4102  -0.84920329
    5.5330   -0.2139   -1.1005    0.0379   -0.3944  -0.84920335
    5.5520   -0.2342   -1.0389    0.0306   -0.3724  -0.84920335
    5.5717   -0.2541   -0.9798    0.0236   -0.3456  -0.84920335
    5.5922   -0.2736   -0.9230    0.0168   -0.3154  -0.84920341
    5.6133   -0.2925   -0.8680    0.0105   -0.2828  -0.84920335
    5.6350   -0.3107   -0.8151    0.0047   -0.2491  -0.84920347
    5.6568   -0.3280   -0.7644   -0.0004   -0.2152  -0.84920335
    5.6781   -0.3437   -0.7172   -0.0046   -0.1831  -0.84920335
    5.6977   -0.3573   -0.6752   -0.0079   -0.1543  -0.84920335
    5.7201   -0.3720   -0.6286   -0.0110   -0.1228  -0.84920341
    5.7472   -0.3882   -0.5738   -0.0138   -0.0870  -0.84920335
    5.7798   -0.4059   -0.5097   -0.0160   -0.0473  -0.84920335
    5.8189   -0.4244   -0.4345   -0.0170   -0.0052  -0.84920341
    5.8710   -0.4444   -0.3362   -0.0160    0.0412  -0.84920341
    5.9171   -0.4579   -0.2503   -0.0134    0.0727  -0.84920335
    5.9633   -0.4675   -0.1645   -0.0095    0.0952  -0.84920341
    6.0066   -0.4729   -0.0844   -0.0050    0.1079  -0.84920335
    6.0469   -0.4748   -0.0099   -0.0006    0.1124  -0.84920335
    6.0778   -0.4742    0.0471    0.0029    0.1110  -0.84920329
    6.1078   -0.4720    0.1027    0.0062    0.1057  -0.84920335
    6.1396   -0.4678    0.1615    0.0094    0.0958  -0.84920335
    6.1747   -0.4610    0.2266    0.0125    0.0798  -0.84920335
    6.2132   -0.4509    0.2982    0.0151    0.0561  -0.84920335
    6.2548   -0.4369    0.3761    0.0168    0.0235  -0.84920335
    6.2993   -0.4182    0.4606    0.0169   -0.0194  -0.84920329
    6.3494   -0.3927    0.5580    0.0145   -0.0771  -0.84920335
    6.3859   -0.3710    0.6315    0.0109   -0.1250  -0.84920335
    6.4164   -0.3508    0.6953    0.0064   -0.1683  -0.84920335
    6.4418   -0.3324    0.7510    0.0016   -0.2063  -0.84920347
    6.4624   -0.3165    0.7979   -0.0029   -0.2380  -0.84920347
    6.4826   -0.2999    0.8465   -0.0081   -0.2696  -0.84920335
    6.5018   -0.2832    0.8949   -0.0135   -0.2994  -0.84920329
    6.5216   -0.2650    0.9480   -0.0197   -0.3295  -0.84920335
    6.5419   -0.2451    1.0063   -0.0267   -0.3586  -0.84920329
    6.5621   -0.2241    1.0692   -0.0342   -0.3843  -0.84920335
    6.5818   -0.2025    1.1356   -0.0420   -0.4043  -0.84920347
    6.6009   -0.1801    1.2057   -0.0499   -0.4161  -0.84920353
    6.6194   -0.1571    1.2793   -0.0576   -0.4171  -0.84920359
    6.6376   -0.1331    1.3566   -0.0651   -0.4033  -0.84920341
    6.6510   -0.1146    1.4150   -0.0704   -0.3808  -0.84920347
    6.6633   -0.0968    1.4686   -0.0749   -0.3484  -0.84920323
    6.6758   -0.0781    1.5207   -0.0789   -0.3023  -0.84920311
    6.6873   -0.0604    1.5636   -0.0821   -0.2475  -0.84920323
    6.6986   -0.0426    1.5982   -0.0845   -0.1825  -0.84920347
    6.7109   -0.0227    1.6243   -0.0863   -0.1002  -0.84920347
    6.7197   -0.0083    1.6335   -0.0869   -0.0373  -0.84920335
    6.7274    0.0043    1.6346   -0.0870    0.0192  -0.84920335
    6.7350    0.0166    1.6293   -0.0866    0.0738  -0.84920323
    6.7421    0.0282    1.6185   -0.0859    0.1240  -0.84920335
    6.7505    0.0417    1.5997   -0.0846    0.1789  -0.84920335
    6.7615    0.0591    1.5665   -0.0823    0.2430  -0.84920323
    6.7738    0.0781    1.5208   -0.0790    0.3021  -0.84920323
    6.7850    0.0948    1.4745   -0.0753    0.3440  -0.84920347
    6.7965    0.1115    1.4245   -0.0712    0.3759  -0.84920323
    6.8090    0.1290    1.3698   -0.0663    0.3992  -0.84920335
    6.8231    0.1479    1.3091   -0.0606    0.4137  -0.84920323
    6.8398    0.1692    1.2405   -0.0536    0.4181  -0.84920323
    6.8580    0.1911    1.1711   -0.0460    0.4115  -0.84920317
    6.8765    0.2121    1.1059   -0.0386    0.3963  -0.84920323
    6.8954    0.2325    1.0441   -0.0313    0.3747  -0.84920323
    6.9150    0.2524    0.9849   -0.0242    0.3484  -0.84920311
    6.9354    0.2718    0.9280   -0.0174    0.3185  -0.84920311
    6.9564    0.2908    0.8729   -0.0110    0.2861  -0.84920305
    6.9780    0.3090    0.8198   -0.0052    0.2524  -0.84920311
    6.9999    0.3264    0.7688   -0.0000    0.2184  -0.84920311
    7.0213    0.3424    0.7212    0.0043    0.1860  -0.84920323
    7.0408    0.3560    0.6792    0.0076    0.1573  -0.84920311
    7.0634    0.3708    0.6322    0.0108    0.1254  -0.84920311
    7.0901    0.3870    0.5782    0.0137    0.0899  -0.84920317
    7.1219    0.4044    0.5155    0.0159    0.0509  -0.84920317
    7.1604    0.4228    0.4414    0.0170    0.0090  -0.84920317
    7.2111    0.4427    0.3455    0.0163   -0.0372  -0.84920317
    7.2574    0.4567    0.2592    0.0138   -0.0698  -0.84920317
    7.3041    0.4668    0.1724    0.0099   -0.0935  -0.84920317
    7.3477    0.4726    0.0918    0.0055   -0.1070  -0.84920323
    7.3883    0.4748    0.0168    0.0010   -0.1123  -0.84920323
    7.4199    0.4744   -0.0417   -0.0025   -0.1113  -0.84920323
    7.4509    0.4722   -0.0990   -0.0059   -0.1062  -0.84920323
    7.4829    0.4681   -0.1581   -0.0091   -0.0965  -0.84920329
    7.5181    0.4614   -0.2235   -0.0123   -0.0807  -0.84920323
    7.5568    0.4513   -0.2954   -0.0150   -0.0572  -0.84920323
    7.5982    0.4375   -0.3728   -0.0167   -0.0251  -0.84920323
    7.6426    0.4191   -0.4571   -0.0169    0.0173  -0.84920323
    7.6922    0.3940   -0.5534   -0.0147    0.0741  -0.84920323
    7.7292    0.3722   -0.6278   -0.0110    0.1224  -0.84920323
    7.7599    0.3519   -0.6920   -0.0066    0.1659  -0.84920323
    7.7856    0.3334   -0.7480   -0.0019    0.2042  -0.84920317
    7.8063    0.3175   -0.7952    0.0027    0.2360  -0.84920323
    7.8267    0.3007   -0.8441    0.0078    0.2679  -0.84920317
    7.8462    0.2838   -0.8931    0.0133    0.2981  -0.84920323
    7.8664    0.2653   -0.9472    0.0197    0.3288  -0.84920311
    7.8868    0.2453   -1.0058    0.0267    0.3581  -0.84920305
    7.9070    0.2244   -1.0685    0.0342    0.3838  -0.84920323
    7.9267    0.2027   -1.1351    0.0420    0.4039  -0.84920311
    7.9458    0.1803   -1.2052    0.0498    0.4159  -0.84920305
    7.9643    0.1573   -1.2787    0.0575    0.4169  -0.84920305
    7.9826    0.1333   -1.3561    0.0651    0.4033  -0.84920287
    7.9960    0.1147   -1.4146    0.0703    0.3808  -0.84920299
    8.0083    0.0970   -1.4682    0.0748    0.3486  -0.84920287
    8.0208    0.0783   -1.5204    0.0789    0.3025  -0.84920287
    8.0324    0.0604   -1.5637    0.0821    0.2473  -0.84920299
    8.0437    0.0425   -1.5985    0.0845    0.1819  -0.84920275
    8.0562    0.0224   -1.6247    0.0863    0.0988  -0.84920311
    8.0649    0.0081   -1.6337    0.0869    0.0362  -0.84920287
    8.0725   -0.0043   -1.6347    0.0870   -0.0194  -0.84920323
    8.0801   -0.0166   -1.6294    0.0866   -0.0741  -0.84920323
    8.0873   -0.0284   -1.6185    0.0859   -0.1247  -0.84920311
    8.0957   -0.0419   -1.5995    0.0846   -0.1800  -0.84920347
    8.1067   -0.0593   -1.5661    0.0823   -0.2439  -0.84920311
    8.1188   -0.0781   -1.5209    0.0789   -0.3023  -0.84920323
    8.1300   -0.0948   -1.4747    0.0753   -0.3441  -0.84920335
    8.1415   -0.1115   -1.4246    0.0711   -0.3762  -0.84920335
    8.1541   -0.1290   -1.3698    0.0663   -0.3995  -0.84920347
    8.1682   -0.1480   -1.3089    0.0605   -0.4139  -0.84920341
    8.1850   -0.1693   -1.2402    0.0535   -0.4183  -0.84920347
    8.2031   -0.1912   -1.1709    0.0460   -0.4116  -0.84920341
    8.2216   -0.2122   -1.1058    0.0385   -0.3964  -0.84920341
    8.2405   -0.2325   -1.0440    0.0312   -0.3748  -0.84920341
    8.2602   -0.2525   -0.9847    0.0241   -0.3484  -0.84920341
    8.2805   -0.2719   -0.9277    0.0173   -0.3184  -0.84920329
    8.3016   -0.2909   -0.8726    0.0109   -0.2859  -0.84920323
    8.3233   -0.3092   -0.8193    0.0051   -0.2521  -0.84920323
    8.3452   -0.3266   -0.7684   -0.0001   -0.2181  -0.84920323
    8.3666   -0.3425   -0.7207   -0.0044   -0.1856  -0.84920323
    8.3861   -0.3562   -0.6788   -0.0077   -0.1570  -0.84920323
    8.4088   -0.3711   -0.6314   -0.0109   -0.1249  -0.84920311
    8.4358   -0.3873   -0.5769   -0.0138   -0.0891  -0.84920323
    8.4678   -0.4048   -0.5139   -0.0160   -0.0499  -0.84920317
    8.5066   -0.4233   -0.4392   -0.0171   -0.0077  -0.84920323
    8.5575   -0.4432   -0.3430   -0.0163    0.0383  -0.84920317
    8.6035   -0.4570   -0.2571   -0.0137    0.0706  -0.84920323
    8.6501   -0.4670   -0.1707   -0.0099    0.0940  -0.84920323
    8.6938   -0.4726   -0.0899   -0.0054    0.1074  -0.84920323
    8.7344   -0.4748   -0.0148   -0.0010    0.1124  -0.84920323
    8.7661   -0.4743    0.0439    0.0026    0.1114  -0.84920323
    8.7974   -0.4720    0.1017    0.0060    0.1060  -0.84920323
    8.8291   -0.4679    0.1604    0.0092    0.0962  -0.84920323
    8.8643   -0.4611    0.2255    0.0123    0.0803  -0.84920323
    8.9027   -0.4511    0.2970    0.0150    0.0568  -0.84920323
    8.9443   -0.4371    0.3749    0.0167    0.0243  -0.84920317
    8.9889   -0.4185    0.4596    0.0169   -0.0185  -0.84920323
    9.0390   -0.3930    0.5571    0.0145   -0.0762  -0.84920323
    9.0757   -0.3712    0.6309    0.0109   -0.1243  -0.84920317
    9.1061   -0.3511    0.6947    0.0064   -0.1675  -0.84920323
    9.1316   -0.3327    0.7504    0.0017   -0.2056  -0.84920323
    9.1522   -0.3167    0.7974   -0.0029   -0.2373  -0.84920317
    9.1725   -0.3001    0.8460   -0.0080   -0.2689  -0.84920305
    9.1918   -0.2832    0.8950   -0.0135   -0.2991  -0.84920317
    9.2118   -0.2648    0.9486   -0.0198   -0.3295  -0.84920323
    9.2321   -0.2450    1.0069   -0.0268   -0.3584  -0.84920323
    9.2523   -0.2240    1.0697   -0.0343   -0.3842  -0.84920329
    9.2719   -0.2024    1.1360   -0.0420   -0.4041  -0.84920329
    9.2909   -0.1801    1.2059   -0.0498   -0.4159  -0.84920323
    9.3094   -0.1572    1.2794   -0.0575   -0.4169  -0.84920329
    9.3277   -0.1331    1.3567   -0.0650   -0.4032  -0.84920335
    9.3410   -0.1146    1.4150   -0.0703   -0.3808  -0.84920335
    9.3533   -0.0970    1.4685   -0.0748   -0.3486  -0.84920335
    9.3658   -0.0782    1.5207   -0.0789   -0.3025  -0.84920335
    9.3773   -0.0604    1.5639   -0.0820   -0.2475  -0.84920311
    9.3886   -0.0426    1.5987   -0.0845   -0.1822  -0.84920347
    9.4011   -0.0225    1.6249   -0.0862   -0.0994  -0.84920335
    9.4098   -0.0082    1.6340   -0.0868   -0.0366  -0.84920335
    9.4177    0.0046    1.6350   -0.0869    0.0209  -0.84920323
    9.4252    0.0170    1.6294   -0.0865    0.0757  -0.84920335
    9.4324    0.0286    1.6185   -0.0858    0.1260  -0.84920347
    9.4408    0.0422    1.5993   -0.0845    0.1810  -0.84920323
    9.4518    0.0595    1.5659   -0.0822    0.2447  -0.84920347
    9.4640    0.0784    1.5203   -0.0788    0.3033  -0.84920323
    9.4751    0.0950    1.4742   -0.0752    0.3447  -0.84920335
    9.4867    0.1118    1.4238   -0.0710    0.3767  -0.84920335
    9.4992    0.1292    1.3690   -0.0662    0.3997  -0.84920335
    9.5132    0.1480    1.3088   -0.0604    0.4140  -0.84920341
    9.5300    0.1694    1.2400   -0.0534    0.4183  -0.84920341
    9.5482    0.1913    1.1706   -0.0459    0.4115  -0.84920341
    9.5666    0.2123    1.1056   -0.0384    0.3962  -0.84920335
    9.5855    0.2326    1.0439   -0.0311    0.3746  -0.84920335
    9.6050    0.2524    0.9850   -0.0241    0.3483  -0.84920335
    9.6254    0.2719    0.9280   -0.0173    0.3183  -0.84920335
    9.6465    0.2909    0.8728   -0.0109    0.2858  -0.84920347
    9.6681    0.3091    0.8196   -0.0051    0.2521  -0.84920335
    9.6899    0.3264    0.7688    0.0000    0.2182  -0.84920323
    9.7113    0.3424    0.7212    0.0044    0.1858  -0.84920335
    9.7308    0.3560    0.6793    0.0077    0.1571  -0.84920323
    9.7532    0.3707    0.6326    0.0109    0.1255  -0.84920335
    9.7802    0.3870    0.5780    0.0138    0.0895  -0.84920341
    9.8121    0.4045    0.5151    0.0160    0.0504  -0.84920341
    9.8505    0.4229    0.4410    0.0171    0.0085  -0.84920341
    9.9012    0.4428    0.3453    0.0163   -0.0375  -0.84920341
    9.9474    0.4567    0.2591    0.0138   -0.0701  -0.84920341
    9.9942    0.4668    0.1723    0.0099   -0.0938  -0.84920341
   10.0377    0.4725    0.0917    0.0055   -0.1073  -0.84920341
   10.0782    0.4747    0.0168    0.0010   -0.1125  -0.84920335
   10.1100    0.4743   -0.0419   -0.0025   -0.1116  -0.84920341
   10.1411    0.4721   -0.0994   -0.0059   -0.1064  -0.84920341
   10.1729    0.4681   -0.1583   -0.0092   -0.0967  -0.84920335
   10.2082    0.4613   -0.2237   -0.0123   -0.0809  -0.84920335
   10.2467    0.4513   -0.2955   -0.0150   -0.0574  -0.84920341
   10.2881    0.4375   -0.3730   -0.0167   -0.0253  -0.84920335
   10.3325    0.4191   -0.4572   -0.0170    0.0172  -0.84920341
   10.3824    0.3938   -0.5542   -0.0147    0.0744  -0.84920341
   10.4197    0.3718   -0.6291   -0.0111    0.1231  -0.84920347
   10.4503    0.3515   -0.6932   -0.0066    0.1665  -0.84920335
   10.4759    0.3331   -0.7491   -0.0019    0.2047  -0.84920341
   10.4967    0.3170   -0.7966    0.0027    0.2368  -0.84920347
   10.5172    0.3002   -0.8457    0.0079    0.2688  -0.84920335
   10.5366    0.2833   -0.8948    0.0134    0.2991  -0.84920335
   10.5566    0.2649   -0.9484    0.0197    0.3295  -0.84920341
   10.5769    0.2450   -1.0068    0.0267    0.3586  -0.84920341
   10.5970    0.2241   -1.0694    0.0342    0.3842  -0.84920341
   10.6167    0.2024   -1.1359    0.0420    0.4043  -0.84920335
   10.6358    0.1801   -1.2060    0.0498    0.4162  -0.84920341
   10.6543    0.1572   -1.2794    0.0575    0.4172  -0.84920329
   10.6725    0.1331   -1.3567    0.0650    0.4035  -0.84920329
   10.6859    0.1146   -1.4151    0.0703    0.3810  -0.84920323
   10.6982    0.0969   -1.4688    0.0748    0.3487  -0.84920323
   10.7107    0.0781   -1.5210    0.0789    0.3026  -0.84920311
   10.7222    0.0604   -1.5640    0.0820    0.2477  -0.84920299
   10.7334    0.0426   -1.5987    0.0845    0.1827  -0.84920323
   10.7459    0.0226   -1.6249    0.0862    0.1000  -0.84920299
   10.7546    0.0083   -1.6340    0.0868    0.0372  -0.84920311
   10.7623   -0.0043   -1.6351    0.0869   -0.0192  -0.84920311
   10.7700   -0.0168   -1.6296    0.0865   -0.0748  -0.84920299
   10.7772   -0.0285   -1.6187    0.0858   -0.1251  -0.84920311
   10.7856   -0.0420   -1.5996    0.0845   -0.1802  -0.84920323
   10.7967   -0.0597   -1.5657    0.0822   -0.2449  -0.84920299
   10.8089   -0.0784   -1.5204    0.0788   -0.3030  -0.84920323
   10.8200   -0.0951   -1.4740    0.0752   -0.3446  -0.84920323
   10.8315   -0.1118   -1.4239    0.0710   -0.3764  -0.84920335
   10.8441   -0.1293   -1.3690    0.0662   -0.3995  -0.84920335
   10.8582   -0.1482   -1.3083    0.0604   -0.4138  -0.84920329
   10.8752   -0.1698   -1.2389    0.0533   -0.4180  -0.84920335
   10.8934   -0.1917   -1.1694    0.0458   -0.4110  -0.84920341
   10.9118   -0.2127   -1.1043    0.0383   -0.3956  -0.84920323
   10.9308   -0.2330   -1.0427    0.0310   -0.3739  -0.84920329
   10.9504   -0.2529   -0.9836    0.0239   -0.3475  -0.84920329
   10.9707   -0.2723   -0.9268    0.0172   -0.3175  -0.84920323
   10.9918   -0.2913   -0.8716    0.0108   -0.2849  -0.84920329
   11.0134   -0.3095   -0.8186    0.0050   -0.2513  -0.84920329
   11.0353   -0.3269   -0.7676   -0.0001   -0.2173  -0.84920335
   11.0568   -0.3428   -0.7199   -0.0044   -0.1847  -0.84920329
   11.0764   -0.3565   -0.6778   -0.0078   -0.1559  -0.84920323
   11.0987   -0.3712   -0.6312   -0.0109   -0.1244  -0.84920329
   11.1255   -0.3873   -0.5771   -0.0137   -0.0889  -0.84920335
   11.1574   -0.4047   -0.5142   -0.0159   -0.0499  -0.84920329
   11.1959   -0.4231   -0.4400   -0.0170   -0.0079  -0.84920329
   11.2468   -0.4430   -0.3440   -0.0162    0.0381  -0.84920335
   11.2928   -0.4569   -0.2580   -0.0137    0.0704  -0.84920329
   11.3393   -0.4669   -0.1716   -0.0098    0.0939  -0.84920329
   11.3828   -0.4726   -0.0912   -0.0054    0.1073  -0.84920335
   11.4234   -0.4748   -0.0162   -0.0009    0.1125  -0.84920329
   11.4547   -0.4744    0.0418    0.0026    0.1115  -0.84920335
   11.4857   -0.4722    0.0991    0.0060    0.1064  -0.84920335
   11.5177   -0.4681    0.1583    0.0092    0.0967  -0.84920335
   11.5531   -0.4613    0.2238    0.0124    0.0808  -0.84920335
   11.5918   -0.4512    0.2958    0.0151    0.0572  -0.84920329
   11.6332   -0.4374    0.3735    0.0168    0.0249  -0.84920335
   11.6777   -0.4189    0.4580    0.0170   -0.0178  -0.84920335
   11.7277   -0.3936    0.5551    0.0147   -0.0751  -0.84920335
   11.7647   -0.3717    0.6295    0.0111   -0.1235  -0.84920335
   11.7954   -0.3514    0.6936    0.0066   -0.1670  -0.84920341
   11.8210   -0.3329    0.7495    0.0018   -0.2053  -0.84920341
   11.8417   -0.3169    0.7968   -0.0027   -0.2371  -0.84920335
   11.8621   -0.3001    0.8458   -0.0079   -0.2691  -0.84920323
   11.8815   -0.2833    0.8947   -0.0134   -0.2993  -0.84920323
   11.9013   -0.2650    0.9479   -0.0197   -0.3294  -0.84920323
   11.9217   -0.2452    1.0063   -0.0267   -0.3586  -0.84920329
   11.9418   -0.2243    1.0689   -0.0341   -0.3842  -0.84920311
   11.9615   -0.2026    1.1353   -0.0419   -0.4043  -0.84920317
   11.9805   -0.1803    1.2054   -0.0497   -0.4163  -0.84920311
   11.9990   -0.1573    1.2788   -0.0575   -0.4173  -0.84920305
   12.0172   -0.1334    1.3558   -0.0650   -0.4038  -0.84920287
   12.0306   -0.1148    1.4144   -0.0702   -0.3814  -0.84920311
   12.0429   -0.0971    1.4681   -0.0748   -0.3492  -0.84920311
   12.0555   -0.0783    1.5204   -0.0789   -0.3031  -0.84920323
   12.0670   -0.0606    1.5635   -0.0820   -0.2483  -0.84920323
   12.0783   -0.0428    1.5982   -0.0845   -0.1833  -0.84920311
   12.0908   -0.0226    1.6247   -0.0863   -0.1001  -0.84920323
   12.0995   -0.0083    1.6338   -0.0869   -0.0375  -0.84920323
   12.1072    0.0042    1.6349   -0.0869    0.0188  -0.84920347
   12.1149    0.0168    1.6294   -0.0866    0.0744  -0.84920311
   12.1222    0.0287    1.6182   -0.0858    0.1257  -0.84920323
   12.1307    0.0423    1.5990   -0.0845    0.1810  -0.84920323
   12.1420    0.0602    1.5643   -0.0821    0.2465  -0.84920335
   12.1541    0.0788    1.5189   -0.0788    0.3041  -0.84920335
   12.1652    0.0955    1.4727   -0.0752    0.3453  -0.84920335
   12.1768    0.1124    1.4220   -0.0709    0.3771  -0.84920335
   12.1894    0.1299    1.3670   -0.0660    0.4000  -0.84920335
   12.2036    0.1488    1.3061   -0.0602    0.4139  -0.84920329
   12.2206    0.1704    1.2369   -0.0532    0.4178  -0.84920329
   12.2387    0.1922    1.1677   -0.0456    0.4107  -0.84920335
   12.2572    0.2132    1.1027   -0.0382    0.3951  -0.84920329
   12.2761    0.2335    1.0411   -0.0309    0.3733  -0.84920323
   12.2958    0.2534    0.9821   -0.0238    0.3467  -0.84920323
   12.3162    0.2728    0.9251   -0.0170    0.3166  -0.84920323
   12.3373    0.2918    0.8701   -0.0107    0.2841  -0.84920311
   12.3589    0.3100    0.8171   -0.0049    0.2503  -0.84920311
   12.3808    0.3273    0.7663    0.0002    0.2165  -0.84920305
   12.4022    0.3432    0.7187    0.0045    0.1840  -0.84920305
   12.4217    0.3568    0.6769    0.0078    0.1554  -0.84920311
   12.4441    0.3715    0.6302    0.0109    0.1239  -0.84920311
   12.4710    0.3876    0.5760    0.0137    0.0883  -0.84920305
   12.5030    0.4051    0.5128    0.0159    0.0492  -0.84920305
   12.5419    0.4236    0.4380    0.0170    0.0070  -0.84920299
   12.5929    0.4434    0.3417    0.0161   -0.0389  -0.84920299
   12.6390    0.4572    0.2557    0.0136   -0.0710  -0.84920305
   12.6853    0.4671    0.1697    0.0097   -0.0942  -0.84920305
   12.7288    0.4727    0.0893    0.0053   -0.1074  -0.84920311
   12.7693    0.4748    0.0145    0.0008   -0.1123  -0.84920305
   12.8004    0.4743   -0.0431   -0.0027   -0.1113  -0.84920305
   12.8310    0.4721   -0.0997   -0.0060   -0.1061  -0.84920299
   12.8628    0.4681   -0.1584   -0.0092   -0.0965  -0.84920299
   12.8981    0.4613   -0.2239   -0.0124   -0.0806  -0.84920299
   12.9367    0.4513   -0.2957   -0.0150   -0.0571  -0.84920311
   12.9781    0.4374   -0.3732   -0.0168   -0.0249  -0.84920299
   13.0225    0.4190   -0.4575   -0.0170    0.0177  -0.84920299
   13.0723    0.3938   -0.5543   -0.0147    0.0747  -0.84920299
   13.1093    0.3720   -0.6285   -0.0111    0.1230  -0.84920299
   13.1399    0.3517   -0.6925   -0.0066    0.1664  -0.84920305
   13.1656    0.3332   -0.7486   -0.0019    0.2048  -0.84920299
   13.1862    0.3173   -0.7957    0.0027    0.2365  -0.84920299
   13.2069    0.3004   -0.8451    0.0079    0.2687  -0.84920299
   13.2264    0.2834   -0.8943    0.0134    0.2991  -0.84920311
   13.2463    0.2651   -0.9477    0.0197    0.3294  -0.84920311
   13.2666    0.2452   -1.0062    0.0267    0.3585  -0.84920311
   13.2868    0.2243   -1.0688    0.0342    0.3842  -0.84920317
   13.3065    0.2026   -1.1353    0.0420    0.4042  -0.84920299
   13.3256    0.1802   -1.2054    0.0498    0.4162  -0.84920299
   13.3441    0.1573   -1.2789    0.0575    0.4172  -0.84920287
   13.3623    0.1333   -1.3561    0.0651    0.4035  -0.84920287
   13.3757    0.1148   -1.4145    0.0703    0.3811  -0.84920275
   13.3880    0.0970   -1.4680    0.0748    0.3489  -0.84920263
   13.4005    0.0783   -1.5202    0.0789    0.3028  -0.84920275
   13.4121    0.0604   -1.5636    0.0821    0.2476  -0.84920287
   13.4234    0.0425   -1.5984    0.0845    0.1822  -0.84920299
   13.4360    0.0222   -1.6248    0.0863    0.0984  -0.84920299
   13.4448    0.0080   -1.6337    0.0869    0.0357  -0.84920311
   13.4524   -0.0045   -1.6346    0.0870   -0.0200  -0.84920287
   13.4600   -0.0169   -1.6291    0.0866   -0.0749  -0.84920287
   13.4671   -0.0285   -1.6182    0.0859   -0.1251  -0.84920299
   13.4752   -0.0416   -1.6000    0.0847   -0.1782  -0.84920299
   13.4857   -0.0582   -1.5684    0.0825   -0.2398  -0.84920287
   13.4969   -0.0754   -1.5277    0.0795   -0.2945  -0.84920287
   13.5081   -0.0923   -1.4818    0.0759   -0.3382  -0.84920287
   13.5195   -0.1089   -1.4324    0.0719   -0.3716  -0.84920299
   13.5318   -0.1263   -1.3784    0.0671   -0.3962  -0.84920275
   13.5456   -0.1449   -1.3187    0.0615   -0.4120  -0.84920275
   13.5619   -0.1658   -1.2517    0.0548   -0.4181  -0.84920275
   13.5801   -0.1879   -1.1813    0.0472   -0.4130  -0.84920281
   13.5985   -0.2090   -1.1154    0.0397   -0.3990  -0.84920275
   13.6173   -0.2294   -1.0533    0.0324   -0.3783  -0.84920263
   13.6368   -0.2494   -0.9937    0.0252   -0.3526  -0.84920275
   13.6571   -0.2690   -0.9363    0.0184   -0.3230  -0.84920263
   13.6781   -0.2880   -0.8810    0.0119   -0.2910  -0.84920263
   13.6996   -0.3064   -0.8276    0.0060   -0.2574  -0.84920263
   13.7215   -0.3240   -0.7762    0.0008   -0.2234  -0.84920269
   13.7430   -0.3401   -0.7279   -0.0037   -0.1906  -0.84920263
   13.7629   -0.3542   -0.6850   -0.0072   -0.1612  -0.84920269
   13.7850   -0.3688   -0.6388   -0.0104   -0.1298  -0.84920257
   13.8109   -0.3846   -0.5862   -0.0133   -0.0951  -0.84920263
   13.8419   -0.4018   -0.5250   -0.0156   -0.0566  -0.84920269
   13.8794   -0.4202   -0.4525   -0.0170   -0.0149  -0.84920275
   13.9276   -0.4398   -0.3612   -0.0166    0.0303  -0.84920269
   13.9742   -0.4546   -0.2740   -0.0143    0.0648  -0.84920275
   14.0216   -0.4655   -0.1859   -0.0106    0.0904  -0.84920263
   14.0657   -0.4719   -0.1044   -0.0062    0.1055  -0.84920269
   14.1067   -0.4746   -0.0286   -0.0018    0.1119  -0.84920269
   14.1396   -0.4746    0.0322    0.0019    0.1118  -0.84920269
   14.1720   -0.4726    0.0920    0.0055    0.1070  -0.84920275
   14.2034   -0.4687    0.1502    0.0087    0.0981  -0.84920275
   14.2381   -0.4624    0.2145    0.0119    0.0832  -0.84920275
   14.2761   -0.4529    0.2851    0.0146    0.0610  -0.84920269
   14.3172   -0.4396    0.3620    0.0165    0.0300  -0.84920269
   14.3611   -0.4219    0.4451    0.0170   -0.0109  -0.84920263
   14.4097   -0.3980    0.5391    0.0152   -0.0652  -0.84920263
   14.4483   -0.3757    0.6162    0.0117   -0.1147  -0.84920263
   14.4798   -0.3553    0.6816    0.0074   -0.1588  -0.84920263
   14.5063   -0.3365    0.7388    0.0027   -0.1979  -0.84920263
   14.5280   -0.3199    0.7881   -0.0020   -0.2313  -0.84920263
   14.5493   -0.3026    0.8387   -0.0072   -0.2644  -0.84920263
   14.5686   -0.2860    0.8868   -0.0126   -0.2944  -0.84920269
   14.5886   -0.2677    0.9401   -0.0188   -0.3250  -0.84920257
   14.6090   -0.2479    0.9981   -0.0258   -0.3545  -0.84920263
   14.6292   -0.2272    1.0602   -0.0332   -0.3808  -0.84920257
   14.6489   -0.2056    1.1260   -0.0409   -0.4017  -0.84920263
   14.6681   -0.1834    1.1956   -0.0488   -0.4149  -0.84920263
   14.6867   -0.1605    1.2687   -0.0565   -0.4176  -0.84920251
   14.7049   -0.1366    1.3453   -0.0640   -0.4062  -0.84920263
   14.7185   -0.1179    1.4046   -0.0694   -0.3855  -0.84920263
   14.7310   -0.1000    1.4592   -0.0741   -0.3549  -0.84920239
   14.7438   -0.0811    1.5129   -0.0783   -0.3102  -0.84920239
   14.7554   -0.0632    1.5575   -0.0817   -0.2565  -0.84920251
   14.7667   -0.0454    1.5935   -0.0842   -0.1931  -0.84920251
   14.7788   -0.0260    1.6211   -0.0861   -0.1145  -0.84920251
   14.7877   -0.0114    1.6324   -0.0868   -0.0508  -0.84920239
   14.7957    0.0016    1.6350   -0.0870    0.0075  -0.84920251
   14.8027    0.0130    1.6316   -0.0868    0.0581  -0.84920239
   14.8094    0.0240    1.6231   -0.0862    0.1061  -0.84920239
   14.8169    0.0361    1.6085   -0.0852    0.1567  -0.84920251
   14.8264    0.0512    1.5828   -0.0834    0.2151  -0.84920239
   14.8374    0.0684    1.5452   -0.0807    0.2738  -0.84920239
   14.8490    0.0860    1.4994   -0.0773    0.3235  -0.84920216
   14.8602    0.1026    1.4515   -0.0734    0.3604  -0.84920228
   14.8721    0.1196    1.3994   -0.0690    0.3882  -0.84920228
   14.8853    0.1377    1.3419   -0.0637    0.4074  -0.84920216
   14.9004    0.1575    1.2783   -0.0575    0.4173  -0.84920222
   14.9186    0.1801    1.2059   -0.0498    0.4163  -0.84920222
   14.9369    0.2015    1.1386   -0.0423    0.4051  -0.84920222
   14.9556    0.2222    1.0753   -0.0349    0.3865  -0.84920228
   14.9748    0.2423    1.0149   -0.0277    0.3625  -0.84920228
   14.9948    0.2619    0.9569   -0.0208    0.3342  -0.84920228
   15.0155    0.2812    0.9008   -0.0142    0.3030  -0.84920222
   15.0369    0.2999    0.8465   -0.0080    0.2696  -0.84920228
   15.0588    0.3178    0.7943   -0.0025    0.2355  -0.84920222
   15.0805    0.3345    0.7447    0.0023    0.2021  -0.84920216
   15.1012    0.3494    0.6996    0.0061    0.1712  -0.84920216
   15.1223    0.3638    0.6549    0.0094    0.1407  -0.84920216
   15.1470    0.3793    0.6043    0.0125    0.1069  -0.84920216
   15.1762    0.3961    0.5459    0.0150    0.0695  -0.84920210
   15.2114    0.4141    0.4775    0.0167    0.0287  -0.84920210
   15.2547    0.4330    0.3949    0.0170   -0.0147  -0.84920216
   15.3030    0.4499    0.3044    0.0153   -0.0539  -0.84920216
   15.3527    0.4627    0.2119    0.0119   -0.0840  -0.84920210
   15.3978    0.4704    0.1283    0.0076   -0.1020  -0.84920210
   15.4398    0.4741    0.0506    0.0031   -0.1109  -0.84920216
   15.4745    0.4748   -0.0135   -0.0008   -0.1124  -0.84920216
   15.5052    0.4735   -0.0701   -0.0042   -0.1094  -0.84920216
   15.5355    0.4705   -0.1262   -0.0074   -0.1024  -0.84920216
   15.5683    0.4654   -0.1870   -0.0106   -0.0903  -0.84920216
   15.6050    0.4573   -0.2550   -0.0136   -0.0713  -0.84920222
   15.6450    0.4456   -0.3296   -0.0159   -0.0440  -0.84920216
   15.6878    0.4298   -0.4102   -0.0170   -0.0073  -0.84920222
   15.7340    0.4088   -0.4987   -0.0163    0.0408  -0.84920216
   15.7765    0.3858   -0.5822   -0.0135    0.0922  -0.84920216
   15.8105    0.3649   -0.6515   -0.0096    0.1381  -0.84920216
   15.8393    0.3452   -0.7126   -0.0050    0.1798  -0.84920216
   15.8633    0.3275   -0.7658   -0.0002    0.2161  -0.84920210
   15.8822    0.3126   -0.8097    0.0041    0.2454  -0.84920216
   15.9008    0.2971   -0.8547    0.0090    0.2744  -0.84920216
   15.9198    0.2804   -0.9030    0.0144    0.3039  -0.84920210
   15.9396    0.2620   -0.9567    0.0208    0.3337  -0.84920204
   15.9599    0.2420   -1.0157    0.0278    0.3624  -0.84920210
   15.9800    0.2210   -1.0789    0.0354    0.3874  -0.84920210
   15.9995    0.1992   -1.1459    0.0431    0.4063  -0.84920198
   16.0185    0.1768   -1.2164    0.0510    0.4168  -0.84920204
   16.0369    0.1538   -1.2902    0.0586    0.4159  -0.84920210
   16.0551    0.1295   -1.3681    0.0661    0.3997  -0.84920216
   16.0682    0.1113   -1.4255    0.0712    0.3754  -0.84920216
   16.0804    0.0936   -1.4782    0.0756    0.3412  -0.84920216
   16.0927    0.0752   -1.5286    0.0795    0.2937  -0.84920216
   16.1041    0.0574   -1.5704    0.0825    0.2370  -0.84920216
   16.1154    0.0395   -1.6036    0.0848    0.1700  -0.84920216
   16.1269    0.0208   -1.6263    0.0863    0.0922  -0.84920204
   16.1356    0.0066   -1.6345    0.0869    0.0296  -0.84920192
   16.1431   -0.0056   -1.6347    0.0869   -0.0254  -0.84920216
   16.1505   -0.0177   -1.6289    0.0865   -0.0788  -0.84920192
   16.1577   -0.0293   -1.6177    0.0858   -0.1286  -0.84920204
   16.1662   -0.0430   -1.5980    0.0844   -0.1841  -0.84920180
   16.1772   -0.0604   -1.5640    0.0820   -0.2477  -0.84920168
   16.1893   -0.0791   -1.5184    0.0787   -0.3053  -0.84920156
   16.2004   -0.0957   -1.4722    0.0751   -0.3462  -0.84920168
   16.2120   -0.1125   -1.4216    0.0708   -0.3778  -0.84920168
   16.2246   -0.1300   -1.3666    0.0659   -0.4006  -0.84920180
   16.2389   -0.1491   -1.3054    0.0601   -0.4145  -0.84920168
   16.2558   -0.1706   -1.2362    0.0530   -0.4182  -0.84920174
   16.2740   -0.1925   -1.1670    0.0455   -0.4109  -0.84920162
   16.2924   -0.2133   -1.1022    0.0380   -0.3952  -0.84920162
   16.3113   -0.2336   -1.0408    0.0308   -0.3734  -0.84920168
   16.3310   -0.2535   -0.9818    0.0237   -0.3468  -0.84920174
   16.3513   -0.2729   -0.9250    0.0169   -0.3167  -0.84920168
   16.3724   -0.2917   -0.8702    0.0106   -0.2843  -0.84920168
   16.3940   -0.3099   -0.8173    0.0048   -0.2506  -0.84920162
   16.4157   -0.3272   -0.7667   -0.0002   -0.2168  -0.84920168
   16.4369   -0.3429   -0.7195   -0.0045   -0.1846  -0.84920162
   16.4565   -0.3566   -0.6776   -0.0078   -0.1559  -0.84920156
   16.4790   -0.3713   -0.6308   -0.0110   -0.1243  -0.84920168
   16.5061   -0.3876   -0.5759   -0.0138   -0.0882  -0.84920156
   16.5384   -0.4052   -0.5123   -0.0161   -0.0488  -0.84920162
   16.5772   -0.4237   -0.4375   -0.0171   -0.0067  -0.84920162
   16.6290   -0.4438   -0.3398   -0.0162    0.0398  -0.84920156
   16.6749   -0.4574   -0.2541   -0.0136    0.0717  -0.84920162
   16.7212   -0.4672   -0.1682   -0.0097    0.0946  -0.84920162
   16.7646   -0.4727   -0.0879   -0.0053    0.1077  -0.84920156
   16.8049   -0.4748   -0.0133   -0.0008    0.1126  -0.84920162
   16.8363   -0.4743    0.0446    0.0027    0.1114  -0.84920162
   16.8668   -0.4721    0.1010    0.0060    0.1062  -0.84920168
   16.8988   -0.4679    0.1602    0.0093    0.0963  -0.84920162
   16.9340   -0.4611    0.2256    0.0124    0.0804  -0.84920162
   16.9723   -0.4511    0.2969    0.0150    0.0569  -0.84920162
   17.0138   -0.4372    0.3746    0.0168    0.0245  -0.84920162
   17.0583   -0.4186    0.4591    0.0169   -0.0182  -0.84920162
   17.1081   -0.3933    0.5560    0.0146   -0.0755  -0.84920168
   17.1450   -0.3715    0.6300    0.0110   -0.1237  -0.84920168
   17.1756   -0.3513    0.6941    0.0065   -0.1671  -0.84920174
   17.2011   -0.3328    0.7499    0.0018   -0.2053  -0.84920174
   17.2217   -0.3169    0.7970   -0.0028   -0.2371  -0.84920168
   17.2421   -0.3001    0.8459   -0.0079   -0.2689  -0.84920168
   17.2614   -0.2833    0.8946   -0.0134   -0.2990  -0.84920168
   17.2813   -0.2650    0.9480   -0.0197   -0.3292  -0.84920156
   17.3016   -0.2452    1.0064   -0.0266   -0.3584  -0.84920168
   17.3218   -0.2242    1.0691   -0.0341   -0.3841  -0.84920168
   17.3415   -0.2026    1.1355   -0.0419   -0.4041  -0.84920174
   17.3605   -0.1802    1.2056   -0.0497   -0.4161  -0.84920174
   17.3791   -0.1573    1.2791   -0.0575   -0.4171  -0.84920180
   17.3973   -0.1332    1.3565   -0.0650   -0.4035  -0.84920168
   17.4107   -0.1146    1.4151   -0.0703   -0.3810  -0.84920180
   17.4230   -0.0969    1.4687   -0.0748   -0.3487  -0.84920168
   17.4355   -0.0782    1.5208   -0.0788   -0.3027  -0.84920192
   17.4470   -0.0605    1.5639   -0.0820   -0.2478  -0.84920180
   17.4583   -0.0426    1.5987   -0.0845   -0.1826  -0.84920168
   17.4708   -0.0225    1.6250   -0.0862   -0.0996  -0.84920168
   17.4795   -0.0082    1.6341   -0.0868   -0.0367  -0.84920168
   17.4873    0.0044    1.6351   -0.0869    0.0199  -0.84920192
   17.4949    0.0169    1.6296   -0.0865    0.0750  -0.84920180
   17.5022    0.0287    1.6184   -0.0858    0.1261  -0.84920168
   17.5105    0.0421    1.5995   -0.0845    0.1806  -0.84920192
   17.5214    0.0593    1.5664   -0.0822    0.2438  -0.84920180
   17.5336    0.0781    1.5210   -0.0789    0.3024  -0.84920180
   17.5446    0.0948    1.4750   -0.0753    0.3440  -0.84920168
   17.5562    0.1115    1.4248   -0.0711    0.3760  -0.84920168
   17.5687    0.1290    1.3698   -0.0662    0.3993  -0.84920180
   17.5828    0.1478    1.3095   -0.0605    0.4137  -0.84920168
   17.5995    0.1692    1.2409   -0.0535    0.4181  -0.84920174
   17.6177    0.1911    1.1714   -0.0460    0.4114  -0.84920168
   17.6361    0.2120    1.1064   -0.0385    0.3962  -0.84920156
   17.6550    0.2323    1.0447   -0.0313    0.3747  -0.84920174
   17.6746    0.2522    0.9855   -0.0242    0.3484  -0.84920156
   17.6949    0.2717    0.9285   -0.0174    0.3185  -0.84920156
   17.7160    0.2907    0.8733   -0.0110    0.2860  -0.84920150
   17.7375    0.3089    0.8203   -0.0052    0.2524  -0.84920150
   17.7594    0.3263    0.7694   -0.0001    0.2185  -0.84920156
   17.7809    0.3423    0.7216    0.0043    0.1859  -0.84920156
   17.8003    0.3559    0.6798    0.0076    0.1573  -0.84920138
   17.8226    0.3705    0.6333    0.0108    0.1258  -0.84920144
   17.8494    0.3868    0.5789    0.0137    0.0901  -0.84920144
   17.8813    0.4043    0.5160    0.0159    0.0509  -0.84920144
   17.9199    0.4227    0.4416    0.0170    0.0088  -0.84920144
   17.9702    0.4425    0.3466    0.0163   -0.0370  -0.84920138
   18.0165    0.4566    0.2601    0.0138   -0.0698  -0.84920144
   18.0633    0.4667    0.1733    0.0099   -0.0936  -0.84920144
   18.1068    0.4725    0.0927    0.0055   -0.1072  -0.84920144
   18.1474    0.4747    0.0177    0.0010   -0.1125  -0.84920144
   18.1790    0.4744   -0.0408   -0.0025   -0.1116  -0.84920138
   18.2100    0.4722   -0.0981   -0.0059   -0.1065  -0.84920138
   18.2417    0.4682   -0.1567   -0.0091   -0.0970  -0.84920144
   18.2769    0.4615   -0.2219   -0.0123   -0.0813  -0.84920144
   18.3153    0.4516   -0.2934   -0.0150   -0.0581  -0.84920144
   18.3569    0.4378   -0.3712   -0.0168   -0.0260  -0.84920144
   18.4013    0.4194   -0.4556   -0.0170    0.0164  -0.84920144
   18.4510    0.3944   -0.5520   -0.0148    0.0731  -0.84920150
   18.4883    0.3725   -0.6268   -0.0112    0.1217  -0.84920144
   18.5192    0.3521   -0.6913   -0.0068    0.1654  -0.84920144
   18.5450    0.3335   -0.7477   -0.0020    0.2040  -0.84920144
   18.5658    0.3175   -0.7952    0.0026    0.2361  -0.84920144
   18.5867    0.3004   -0.8451    0.0078    0.2686  -0.84920150
   18.6061    0.2835   -0.8939    0.0133    0.2988  -0.84920144
   18.6261    0.2651   -0.9476    0.0196    0.3292  -0.84920144
   18.6464    0.2453   -1.0060    0.0266    0.3584  -0.84920150
   18.6666    0.2244   -1.0687    0.0341    0.3842  -0.84920138
   18.6863    0.2027   -1.1351    0.0419    0.4042  -0.84920138
   18.7054    0.1803   -1.2053    0.0497    0.4162  -0.84920138
   18.7239    0.1574   -1.2787    0.0575    0.4173  -0.84920132
   18.7421    0.1334   -1.3558    0.0650    0.4038  -0.84920144
   18.7555    0.1148   -1.4144    0.0702    0.3814  -0.84920120
   18.7678    0.0971   -1.4679    0.0747    0.3493  -0.84920132
   18.7803    0.0783   -1.5203    0.0788    0.3032  -0.84920156
   18.7919    0.0605   -1.5636    0.0820    0.2481  -0.84920132
   18.8032    0.0427   -1.5984    0.0845    0.1830  -0.84920144
   18.8156    0.0226   -1.6246    0.0863    0.1004  -0.84920132
   18.8243    0.0084   -1.6338    0.0869    0.0377  -0.84920144
   18.8320   -0.0042   -1.6349    0.0869   -0.0187  -0.84920120
   18.8397   -0.0167   -1.6294    0.0866   -0.0742  -0.84920132
   18.8469   -0.0284   -1.6186    0.0859   -0.1246  -0.84920144
   18.8553   -0.0420   -1.5996    0.0846   -0.1797  -0.84920144
   18.8663   -0.0594   -1.5660    0.0822   -0.2440  -0.84920156
   18.8786   -0.0783   -1.5204    0.0789   -0.3026  -0.84920156
   18.8897   -0.0950   -1.4742    0.0753   -0.3442  -0.84920156
   18.9013   -0.1118   -1.4237    0.0711   -0.3763  -0.84920180
   18.9139   -0.1294   -1.3685    0.0662   -0.3995  -0.84920168
   18.9281   -0.1484   -1.3076    0.0604   -0.4137  -0.84920174
   18.9449   -0.1698   -1.2388    0.0534   -0.4179  -0.84920168
   18.9631   -0.1917   -1.1694    0.0458   -0.4109  -0.84920162
   18.9815   -0.2126   -1.1044    0.0384   -0.3956  -0.84920162
   19.0005   -0.2330   -1.0426    0.0311   -0.3739  -0.84920156
   19.0202   -0.2529   -0.9834    0.0240   -0.3474  -0.84920156
   19.0406   -0.2724   -0.9264    0.0172   -0.3173  -0.84920156
   19.0616   -0.2913   -0.8715    0.0108   -0.2849  -0.84920168
   19.0832   -0.3096   -0.8184    0.0051   -0.2512  -0.84920162
   19.1051   -0.3269   -0.7675   -0.0001   -0.2173  -0.84920162
   19.1265   -0.3428   -0.7199   -0.0044   -0.1849  -0.84920168
   19.1461   -0.3565   -0.6779   -0.0077   -0.1562  -0.84920168
   19.1687   -0.3713   -0.6309   -0.0109   -0.1243  -0.84920174
   19.1956   -0.3875   -0.5763   -0.0137   -0.0885  -0.84920168
   19.2276   -0.4050   -0.5133   -0.0159   -0.0494  -0.84920180
   19.2666   -0.4235   -0.4383   -0.0170   -0.0072  -0.84920174
   19.3178   -0.4434   -0.3417   -0.0161    0.0389  -0.84920174
   19.3638   -0.4572   -0.2557   -0.0136    0.0710  -0.84920174
   19.4103   -0.4671   -0.1694   -0.0097    0.0942  -0.84920174
   19.4537   -0.4727   -0.0891   -0.0053    0.1074  -0.84920174
   19.4942   -0.4748   -0.0142   -0.0008    0.1124  -0.84920180
   19.5256   -0.4743    0.0436    0.0027    0.1113  -0.84920174
   19.5563   -0.4721    0.1004    0.0060    0.1060  -0.84920174
   19.5882   -0.4680    0.1594    0.0093    0.0963  -0.84920180
   19.6235   -0.4612    0.2249    0.0124    0.0803  -0.84920180
   19.6621   -0.4511    0.2968    0.0151    0.0567  -0.84920180
   19.7038   -0.4371    0.3748    0.0168    0.0241  -0.84920174
   19.7482   -0.4186    0.4591    0.0169   -0.0186  -0.84920180
   19.7983   -0.3932    0.5565    0.0146   -0.0761  -0.84920174
   19.8350   -0.3714    0.6303    0.0110   -0.1242  -0.84920180
   19.8655   -0.3512    0.6941    0.0065   -0.1675  -0.84920180
   19.8909   -0.3329    0.7497    0.0018   -0.2055  -0.84920180
   19.9115   -0.3170    0.7966   -0.0028   -0.2371  -0.84920180
   19.9317   -0.3003    0.8451   -0.0079   -0.2688  -0.84920180
   19.9510   -0.2836    0.8936   -0.0133   -0.2987  -0.84920180
   19.9709   -0.2653    0.9469   -0.0196   -0.3290  -0.84920192
   19.9912   -0.2455    1.0052   -0.0266   -0.3581  -0.84920174
   20.0000   -0.2365    1.0320   -0.0298   -0.3698  -0.84920180
