    0.0000    0.0000   -1.6300    0.0870    0.0000  -0.85736668
    0.0027   -0.0044   -1.6296    0.0870   -0.0200  -0.85736668
    0.0055   -0.0090   -1.6283    0.0869   -0.0406  -0.85736680
    0.0079   -0.0129   -1.6265    0.0868   -0.0577  -0.85736668
    0.0113   -0.0184   -1.6229    0.0865   -0.0821  -0.85736680
    0.0160   -0.0259   -1.6160    0.0861   -0.1147  -0.85736656
    0.0223   -0.0362   -1.6031    0.0852   -0.1577  -0.85736692
    0.0313   -0.0505   -1.5790    0.0835   -0.2133  -0.85736692
    0.0426   -0.0680   -1.5407    0.0808   -0.2737  -0.85736680
    0.0540   -0.0855   -1.4955    0.0773   -0.3235  -0.85736692
    0.0653   -0.1021   -1.4475    0.0735   -0.3610  -0.85736704
    0.0773   -0.1191   -1.3951    0.0690   -0.3894  -0.85736692
    0.0905   -0.1371   -1.3376    0.0637   -0.4091  -0.85736692
    0.1056   -0.1568   -1.2738    0.0574   -0.4194  -0.85736698
    0.1238   -0.1794   -1.2011    0.0498   -0.4188  -0.85736692
    0.1421   -0.2008   -1.1335    0.0422   -0.4080  -0.85736686
    0.1608   -0.2213   -1.0701    0.0347   -0.3897  -0.85736686
    0.1800   -0.2413   -1.0095    0.0275   -0.3659  -0.85736686
    0.1999   -0.2608   -0.9514    0.0205   -0.3379  -0.85736680
    0.2205   -0.2798   -0.8953    0.0138   -0.3069  -0.85736680
    0.2418   -0.2983   -0.8412    0.0076   -0.2740  -0.85736680
    0.2635   -0.3160   -0.7890    0.0020   -0.2402  -0.85736680
    0.2850   -0.3324   -0.7400   -0.0028   -0.2073  -0.85736680
    0.3051   -0.3468   -0.6957   -0.0066   -0.1772  -0.85736680
    0.3264   -0.3612   -0.6504   -0.0101   -0.1465  -0.85736674
    0.3516   -0.3769   -0.5986   -0.0133   -0.1120  -0.85736674
    0.3814   -0.3938   -0.5390   -0.0161   -0.0740  -0.85736674
    0.4168   -0.4117   -0.4698   -0.0180   -0.0330  -0.85736674
    0.4607   -0.4305   -0.3858   -0.0184    0.0108  -0.85736680
    0.5103   -0.4473   -0.2925   -0.0169    0.0506  -0.85736674
    0.5606   -0.4596   -0.1984   -0.0135    0.0803  -0.85736680
    0.6066   -0.4668   -0.1127   -0.0094    0.0979  -0.85736674
    0.6494   -0.4699   -0.0331   -0.0050    0.1061  -0.85736674
    0.6893   -0.4697    0.0413   -0.0007    0.1064  -0.85736680
    0.7201   -0.4676    0.0987    0.0025    0.1020  -0.85736680
    0.7503   -0.4637    0.1551    0.0055    0.0935  -0.85736680
    0.7816   -0.4580    0.2138    0.0082    0.0806  -0.85736680
    0.8163   -0.4494    0.2790    0.0107    0.0614  -0.85736680
    0.8544   -0.4374    0.3511    0.0125    0.0343  -0.85736680
    0.8956   -0.4213    0.4301    0.0132   -0.0018  -0.85736680
    0.9410   -0.3998    0.5190    0.0121   -0.0497  -0.85736686
    0.9794   -0.3784    0.5964    0.0093   -0.0963  -0.85736686
    1.0107   -0.3587    0.6619    0.0056   -0.1381  -0.85736680
    1.0368   -0.3407    0.7185    0.0015   -0.1752  -0.85736680
    1.0579   -0.3250    0.7664   -0.0025   -0.2065  -0.85736692
    1.0787   -0.3086    0.8155   -0.0071   -0.2379  -0.85736686
    1.0985   -0.2919    0.8649   -0.0121   -0.2681  -0.85736680
    1.1192   -0.2735    0.9192   -0.0180   -0.2993  -0.85736686
    1.1401   -0.2537    0.9780   -0.0246   -0.3296  -0.85736686
    1.1607   -0.2329    1.0407   -0.0317   -0.3570  -0.85736680
    1.1808   -0.2113    1.1070   -0.0391   -0.3795  -0.85736692
    1.2003   -0.1891    1.1768   -0.0466   -0.3950  -0.85736692
    1.2190   -0.1664    1.2497   -0.0541   -0.4008  -0.85736680
    1.2372   -0.1430    1.3259   -0.0613   -0.3940  -0.85736698
    1.2517   -0.1232    1.3900   -0.0669   -0.3761  -0.85736692
    1.2644   -0.1053    1.4466   -0.0715   -0.3490  -0.85736704
    1.2760   -0.0882    1.4978   -0.0754   -0.3127  -0.85736692
    1.2878   -0.0702    1.5465   -0.0788   -0.2633  -0.85736680
    1.2988   -0.0530    1.5865   -0.0814   -0.2052  -0.85736692
    1.3097   -0.0355    1.6180   -0.0833   -0.1370  -0.85736680
    1.3201   -0.0186    1.6378   -0.0843   -0.0639  -0.85736704
    1.3281   -0.0053    1.6451   -0.0846   -0.0039  -0.85736704
    1.3348    0.0056    1.6453   -0.0845    0.0462  -0.85736704
    1.3414    0.0164    1.6403   -0.0840    0.0957  -0.85736692
    1.3486    0.0282    1.6292   -0.0831    0.1477  -0.85736692
    1.3569    0.0417    1.6095   -0.0816    0.2044  -0.85736680
    1.3677    0.0589    1.5753   -0.0791    0.2690  -0.85736680
    1.3786    0.0758    1.5331   -0.0758    0.3233  -0.85736680
    1.3896    0.0924    1.4858   -0.0720    0.3662  -0.85736656
    1.4008    0.1088    1.4351   -0.0677    0.3983  -0.85736668
    1.4130    0.1260    1.3795   -0.0627    0.4215  -0.85736656
    1.4267    0.1445    1.3185   -0.0568    0.4354  -0.85736656
    1.4430    0.1654    1.2494   -0.0497    0.4391  -0.85736656
    1.4604    0.1865    1.1805   -0.0421    0.4316  -0.85736644
    1.4780    0.2067    1.1164   -0.0347    0.4158  -0.85736656
    1.4960    0.2262    1.0558   -0.0274    0.3939  -0.85736650
    1.5146    0.2453    0.9980   -0.0203    0.3674  -0.85736644
    1.5338    0.2640    0.9425   -0.0135    0.3375  -0.85736656
    1.5536    0.2821    0.8892   -0.0071    0.3053  -0.85736644
    1.5737    0.2994    0.8383   -0.0013    0.2721  -0.85736644
    1.5936    0.3157    0.7903    0.0038    0.2392  -0.85736644
    1.6123    0.3300    0.7473    0.0080    0.2089  -0.85736656
    1.6325    0.3447    0.7027    0.0118    0.1771  -0.85736644
    1.6563    0.3608    0.6519    0.0156    0.1412  -0.85736644
    1.6843    0.3783    0.5939    0.0190    0.1012  -0.85736644
    1.7174    0.3968    0.5274    0.0216    0.0578  -0.85736644
    1.7576    0.4164    0.4488    0.0230    0.0111  -0.85736638
    1.8106    0.4375    0.3470    0.0222   -0.0401  -0.85736638
    1.8587    0.4520    0.2554    0.0193   -0.0759  -0.85736638
    1.9071    0.4621    0.1638    0.0150   -0.1016  -0.85736638
    1.9526    0.4676    0.0777    0.0100   -0.1161  -0.85736632
    1.9955    0.4692   -0.0035    0.0049   -0.1213  -0.85736638
    2.0353    0.4675   -0.0791    0.0001   -0.1186  -0.85736638
    2.0653    0.4643   -0.1363   -0.0034   -0.1118  -0.85736638
    2.0944    0.4595   -0.1916   -0.0065   -0.1014  -0.85736638
    2.1256    0.4526   -0.2514   -0.0094   -0.0859  -0.85736632
    2.1607    0.4426   -0.3189   -0.0120   -0.0633  -0.85736632
    2.1993    0.4289   -0.3937   -0.0139   -0.0323  -0.85736632
    2.2412    0.4106   -0.4763   -0.0144    0.0089  -0.85736632
    2.2883    0.3860   -0.5715   -0.0127    0.0640  -0.85736632
    2.3238    0.3644   -0.6458   -0.0097    0.1111  -0.85736626
    2.3533    0.3444   -0.7101   -0.0058    0.1537  -0.85736626
    2.3779    0.3262   -0.7662   -0.0015    0.1912  -0.85736626
    2.3979    0.3105   -0.8137    0.0026    0.2226  -0.85736620
    2.4174    0.2941   -0.8624    0.0073    0.2537  -0.85736620
    2.4359    0.2777   -0.9112    0.0123    0.2834  -0.85736614
    2.4551    0.2597   -0.9647    0.0180    0.3135  -0.85736626
    2.4746    0.2403   -1.0232    0.0244    0.3426  -0.85736626
    2.4940    0.2198   -1.0860    0.0313    0.3687  -0.85736620
    2.5129    0.1987   -1.1525    0.0385    0.3894  -0.85736614
    2.5311    0.1771   -1.2223    0.0457    0.4026  -0.85736620
    2.5487    0.1550   -1.2956    0.0528    0.4057  -0.85736614
    2.5658    0.1322   -1.3721    0.0597    0.3953  -0.85736620
    2.5788    0.1139   -1.4328    0.0647    0.3753  -0.85736620
    2.5905    0.0969   -1.4879    0.0689    0.3459  -0.85736620
    2.6013    0.0805   -1.5375    0.0725    0.3074  -0.85736620
    2.6123    0.0634   -1.5842    0.0756    0.2559  -0.85736609
    2.6226    0.0469   -1.6220    0.0779    0.1959  -0.85736609
    2.6330    0.0297   -1.6514    0.0796    0.1243  -0.85736609
    2.6420    0.0148   -1.6670    0.0804    0.0566  -0.85736620
    2.6494    0.0024   -1.6723    0.0806   -0.0021  -0.85736620
    2.6558   -0.0082   -1.6710    0.0804   -0.0525  -0.85736620
    2.6619   -0.0184   -1.6648    0.0800   -0.1005  -0.85736632
    2.6686   -0.0296   -1.6524    0.0791   -0.1513  -0.85736632
    2.6768   -0.0430   -1.6306    0.0776   -0.2085  -0.85736620
    2.6887   -0.0621   -1.5883    0.0747   -0.2801  -0.85736644
    2.6994   -0.0789   -1.5426    0.0714   -0.3318  -0.85736644
    2.7097   -0.0945   -1.4951    0.0678   -0.3698  -0.85736632
    2.7207   -0.1106   -1.4430    0.0636   -0.3988  -0.85736632
    2.7327   -0.1277   -1.3858    0.0586   -0.4190  -0.85736632
    2.7466   -0.1465   -1.3219    0.0527   -0.4300  -0.85736626
    2.7634   -0.1680   -1.2495    0.0455   -0.4300  -0.85736620
    2.7801   -0.1883   -1.1826    0.0384   -0.4197  -0.85736620
    2.7971   -0.2079   -1.1198    0.0314   -0.4020  -0.85736626
    2.8147   -0.2271   -1.0600    0.0245   -0.3788  -0.85736626
    2.8329   -0.2459   -1.0027    0.0179   -0.3513  -0.85736620
    2.8518   -0.2643   -0.9475    0.0115   -0.3207  -0.85736614
    2.8712   -0.2822   -0.8947    0.0056   -0.2883  -0.85736620
    2.8908   -0.2992   -0.8443    0.0003   -0.2552  -0.85736609
    2.9102   -0.3151   -0.7970   -0.0044   -0.2228  -0.85736614
    2.9277   -0.3287   -0.7560   -0.0080   -0.1940  -0.85736603
    2.9475   -0.3432   -0.7114   -0.0115   -0.1626  -0.85736603
    2.9710   -0.3593   -0.6602   -0.0149   -0.1268  -0.85736603
    2.9987   -0.3768   -0.6017   -0.0179   -0.0870  -0.85736603
    3.0320   -0.3957   -0.5336   -0.0200   -0.0433  -0.85736603
    3.0724   -0.4157   -0.4529   -0.0208    0.0036  -0.85736609
    3.1288   -0.4381   -0.3427   -0.0191    0.0569  -0.85736603
    3.1748   -0.4518   -0.2538   -0.0156    0.0898  -0.85736603
    3.2206   -0.4614   -0.1656   -0.0110    0.1130  -0.85736603
    3.2638   -0.4668   -0.0827   -0.0058    0.1260  -0.85736603
    3.3042   -0.4685   -0.0053   -0.0006    0.1303  -0.85736597
    3.3352   -0.4678    0.0541    0.0035    0.1285  -0.85736597
    3.3653   -0.4653    0.1121    0.0073    0.1225  -0.85736603
    3.3976   -0.4606    0.1741    0.0110    0.1114  -0.85736603
    3.4335   -0.4532    0.2431    0.0147    0.0935  -0.85736603
    3.4725   -0.4422    0.3185    0.0179    0.0673  -0.85736603
    3.5144   -0.4272    0.3999    0.0200    0.0314  -0.85736603
    3.5590   -0.4074    0.4880    0.0204   -0.0153  -0.85736609
    3.6085   -0.3808    0.5883    0.0181   -0.0772  -0.85736603
    3.6457   -0.3574    0.6667    0.0143   -0.1302  -0.85736597
    3.6760   -0.3362    0.7334    0.0096   -0.1769  -0.85736609
    3.7014   -0.3168    0.7923    0.0046   -0.2182  -0.85736597
    3.7225   -0.2995    0.8437   -0.0004   -0.2534  -0.85736603
    3.7394   -0.2849    0.8869   -0.0049   -0.2819  -0.85736597
    3.7560   -0.2699    0.9314   -0.0098   -0.3096  -0.85736603
    3.7734   -0.2532    0.9810   -0.0154   -0.3382  -0.85736609
    3.7916   -0.2349    1.0366   -0.0218   -0.3666  -0.85736597
    3.8100   -0.2153    1.0973   -0.0288   -0.3924  -0.85736609
    3.8281   -0.1949    1.1620   -0.0361   -0.4132  -0.85736603
    3.8456   -0.1739    1.2304   -0.0435   -0.4265  -0.85736609
    3.8626   -0.1524    1.3025   -0.0508   -0.4299  -0.85736620
    3.8793   -0.1300    1.3784   -0.0579   -0.4197  -0.85736632
    3.8920   -0.1121    1.4387   -0.0631   -0.3997  -0.85736620
    3.9036   -0.0952    1.4938   -0.0676   -0.3699  -0.85736620
    3.9155   -0.0770    1.5488   -0.0717   -0.3254  -0.85736620
    3.9262   -0.0602    1.5939   -0.0749   -0.2723  -0.85736597
    3.9366   -0.0434    1.6307   -0.0774   -0.2091  -0.85736597
    3.9476   -0.0253    1.6587   -0.0793   -0.1312  -0.85736597
    3.9560   -0.0114    1.6707   -0.0802   -0.0663  -0.85736609
    3.9635    0.0013    1.6735   -0.0804   -0.0061  -0.85736609
    3.9699    0.0120    1.6700   -0.0803    0.0445  -0.85736620
    3.9760    0.0221    1.6617   -0.0799    0.0918  -0.85736597
    3.9828    0.0333    1.6472   -0.0791    0.1416  -0.85736597
    3.9913    0.0473    1.6221   -0.0776    0.1993  -0.85736585
    4.0013    0.0632    1.5855   -0.0754    0.2571  -0.85736597
    4.0116    0.0794    1.5414   -0.0724    0.3062  -0.85736585
    4.0218    0.0949    1.4945   -0.0691    0.3436  -0.85736585
    4.0327    0.1109    1.4433   -0.0652    0.3725  -0.85736585
    4.0447    0.1279    1.3868   -0.0606    0.3931  -0.85736597
    4.0587    0.1468    1.3233   -0.0550    0.4051  -0.85736603
    4.0756    0.1686    1.2505   -0.0481    0.4063  -0.85736591
    4.0926    0.1893    1.1829   -0.0413    0.3973  -0.85736591
    4.1100    0.2093    1.1191   -0.0345    0.3807  -0.85736579
    4.1280    0.2289    1.0580   -0.0278    0.3583  -0.85736585
    4.1468    0.2482    0.9993   -0.0214    0.3316  -0.85736597
    4.1663    0.2671    0.9425   -0.0152    0.3016  -0.85736573
    4.1865    0.2856    0.8876   -0.0094    0.2694  -0.85736579
    4.2074    0.3036    0.8343   -0.0041    0.2359  -0.85736585
    4.2284    0.3206    0.7834    0.0005    0.2024  -0.85736585
    4.2489    0.3361    0.7358    0.0043    0.1706  -0.85736573
    4.2682    0.3500    0.6925    0.0073    0.1416  -0.85736585
    4.2906    0.3649    0.6440    0.0101    0.1095  -0.85736585
    4.3175    0.3814    0.5876    0.0126    0.0734  -0.85736579
    4.3492    0.3991    0.5226    0.0143    0.0342  -0.85736585
    4.3879    0.4178    0.4455    0.0147   -0.0079  -0.85736585
    4.4423    0.4391    0.3391    0.0129   -0.0563  -0.85736591
    4.4855    0.4520    0.2559    0.0098   -0.0854  -0.85736585
    4.5287    0.4612    0.1732    0.0057   -0.1061  -0.85736585
    4.5691    0.4667    0.0963    0.0011   -0.1179  -0.85736585
    4.6009    0.4688    0.0357   -0.0027   -0.1219  -0.85736585
    4.6319    0.4690   -0.0232   -0.0065   -0.1214  -0.85736585
    4.6638    0.4673   -0.0836   -0.0103   -0.1164  -0.85736585
    4.6990    0.4632   -0.1504   -0.0142   -0.1055  -0.85736585
    4.7376    0.4559   -0.2234   -0.0179   -0.0871  -0.85736591
    4.7788    0.4451   -0.3018   -0.0210   -0.0601  -0.85736585
    4.8226    0.4301   -0.3854   -0.0229   -0.0232  -0.85736591
    4.8690    0.4101   -0.4752   -0.0229    0.0250  -0.85736591
    4.9209    0.3828   -0.5783   -0.0199    0.0896  -0.85736591
    4.9583    0.3597   -0.6555   -0.0156    0.1426  -0.85736591
    4.9892    0.3385   -0.7219   -0.0105    0.1898  -0.85736579
    5.0152    0.3189   -0.7809   -0.0050    0.2316  -0.85736597
    5.0366    0.3017   -0.8318    0.0003    0.2668  -0.85736591
    5.0537    0.2871   -0.8747    0.0051    0.2952  -0.85736591
    5.0704    0.2721   -0.9187    0.0103    0.3228  -0.85736591
    5.0880    0.2556   -0.9677    0.0162    0.3510  -0.85736585
    5.1064    0.2372   -1.0227    0.0230    0.3789  -0.85736591
    5.1251    0.2175   -1.0830    0.0303    0.4043  -0.85736585
    5.1436    0.1969   -1.1476    0.0379    0.4245  -0.85736591
    5.1616    0.1757   -1.2161    0.0457    0.4370  -0.85736585
    5.1791    0.1538   -1.2881    0.0534    0.4390  -0.85736585
    5.1963    0.1309   -1.3642    0.0609    0.4269  -0.85736597
    5.2093    0.1128   -1.4233    0.0663    0.4054  -0.85736585
    5.2213    0.0954   -1.4779    0.0710    0.3737  -0.85736597
    5.2335    0.0770   -1.5311    0.0753    0.3277  -0.85736573
    5.2447    0.0596   -1.5751    0.0787    0.2726  -0.85736585
    5.2557    0.0421   -1.6105    0.0813    0.2068  -0.85736597
    5.2680    0.0221   -1.6373    0.0833    0.1220  -0.85736597
    5.2766    0.0080   -1.6464    0.0841    0.0577  -0.85736585
    5.2844   -0.0047   -1.6469    0.0843   -0.0008  -0.85736585
    5.2911   -0.0158   -1.6417    0.0842   -0.0512  -0.85736597
    5.2975   -0.0264   -1.6317    0.0837   -0.0981  -0.85736597
    5.3052   -0.0388   -1.6144    0.0827   -0.1504  -0.85736573
    5.3151   -0.0546   -1.5845    0.0809   -0.2111  -0.85736597
    5.3267   -0.0728   -1.5413    0.0781   -0.2709  -0.85736573
    5.3373   -0.0889   -1.4968    0.0750   -0.3144  -0.85736597
    5.3483   -0.1051   -1.4482    0.0713   -0.3485  -0.85736585
    5.3601   -0.1219   -1.3950    0.0671   -0.3743  -0.85736597
    5.3735   -0.1402   -1.3358    0.0619   -0.3918  -0.85736597
    5.3892   -0.1606   -1.2692    0.0557   -0.3999  -0.85736603
    5.4070   -0.1826   -1.1980    0.0486   -0.3971  -0.85736603
    5.4251   -0.2037   -1.1313    0.0415   -0.3850  -0.85736603
    5.4437   -0.2241   -1.0681    0.0345   -0.3661  -0.85736591
    5.4630   -0.2441   -1.0073    0.0277   -0.3419  -0.85736609
    5.4831   -0.2637   -0.9486    0.0211   -0.3137  -0.85736597
    5.5040   -0.2830   -0.8917    0.0148   -0.2825  -0.85736597
    5.5257   -0.3017   -0.8363    0.0091   -0.2495  -0.85736603
    5.5480   -0.3198   -0.7825    0.0039   -0.2155  -0.85736609
    5.5705   -0.3368   -0.7308   -0.0006   -0.1819  -0.85736603
    5.5923   -0.3522   -0.6829   -0.0042   -0.1505  -0.85736597
    5.6128   -0.3657   -0.6392   -0.0070   -0.1221  -0.85736603
    5.6369   -0.3806   -0.5891   -0.0096   -0.0905  -0.85736603
    5.6655   -0.3965   -0.5315   -0.0116   -0.0557  -0.85736603
    5.6998   -0.4136   -0.4638   -0.0129   -0.0180  -0.85736597
    5.7432   -0.4319   -0.3800   -0.0128    0.0229  -0.85736597
    5.7890   -0.4473   -0.2928   -0.0109    0.0576  -0.85736597
    5.8350   -0.4588   -0.2061   -0.0076    0.0834  -0.85736597
    5.8772   -0.4658   -0.1271   -0.0037    0.0990  -0.85736597
    5.9160   -0.4693   -0.0545    0.0003    0.1064  -0.85736597
    5.9461   -0.4701    0.0015    0.0035    0.1077  -0.85736597
    5.9752   -0.4693    0.0557    0.0066    0.1051  -0.85736597
    6.0062   -0.4667    0.1135    0.0098    0.0983  -0.85736591
    6.0417   -0.4615    0.1797    0.0131    0.0854  -0.85736591
    6.0805   -0.4531    0.2521    0.0160    0.0650  -0.85736597
    6.1220   -0.4410    0.3299    0.0181    0.0360  -0.85736591
    6.1661   -0.4247    0.4133    0.0189   -0.0027  -0.85736585
    6.2139   -0.4027    0.5054    0.0176   -0.0537  -0.85736585
    6.2549   -0.3803    0.5868    0.0144   -0.1045  -0.85736585
    6.2887   -0.3593    0.6563    0.0101   -0.1508  -0.85736591
    6.3172   -0.3398    0.7174    0.0052   -0.1924  -0.85736585
    6.3409   -0.3221    0.7706    0.0002   -0.2286  -0.85736591
    6.3594   -0.3074    0.8141   -0.0043   -0.2574  -0.85736585
    6.3776   -0.2923    0.8587   -0.0093   -0.2857  -0.85736591
    6.3963   -0.2757    0.9071   -0.0149   -0.3147  -0.85736591
    6.4160   -0.2573    0.9614   -0.0214   -0.3442  -0.85736597
    6.4362   -0.2373    1.0210   -0.0286   -0.3721  -0.85736597
    6.4561   -0.2164    1.0849   -0.0363   -0.3959  -0.85736585
    6.4755   -0.1947    1.1525   -0.0441   -0.4134  -0.85736591
    6.4943   -0.1723    1.2236   -0.0520   -0.4218  -0.85736591
    6.5127   -0.1492    1.2983   -0.0597   -0.4184  -0.85736591
    6.5282   -0.1285    1.3651   -0.0661   -0.4027  -0.85736597
    6.5414   -0.1102    1.4229   -0.0713   -0.3775  -0.85736585
    6.5535   -0.0926    1.4754   -0.0756   -0.3426  -0.85736585
    6.5658   -0.0741    1.5257   -0.0796   -0.2941  -0.85736609
    6.5773   -0.0564    1.5671   -0.0826   -0.2366  -0.85736620
    6.5887   -0.0383    1.6001   -0.0849   -0.1681  -0.85736620
    6.5997   -0.0205    1.6213   -0.0864   -0.0931  -0.85736632
    6.6085   -0.0063    1.6292   -0.0869   -0.0302  -0.85736620
    6.6160    0.0060    1.6293   -0.0869    0.0253  -0.85736632
    6.6235    0.0181    1.6232   -0.0866    0.0791  -0.85736609
    6.6307    0.0298    1.6116   -0.0858    0.1296  -0.85736644
    6.6390    0.0432    1.5922   -0.0845    0.1838  -0.85736620
    6.6501    0.0607    1.5578   -0.0821    0.2478  -0.85736632
    6.6624    0.0794    1.5119   -0.0787    0.3057  -0.85736644
    6.6736    0.0961    1.4652   -0.0750    0.3469  -0.85736620
    6.6852    0.1129    1.4145   -0.0708    0.3785  -0.85736644
    6.6979    0.1305    1.3589   -0.0658    0.4014  -0.85736638
    6.7122    0.1495    1.2975   -0.0600    0.4152  -0.85736632
    6.7294    0.1712    1.2275   -0.0528    0.4189  -0.85736644
    6.7476    0.1929    1.1583   -0.0452    0.4116  -0.85736632
    6.7661    0.2137    1.0935   -0.0377    0.3959  -0.85736632
    6.7851    0.2339    1.0318   -0.0304    0.3741  -0.85736632
    6.8048    0.2536    0.9727   -0.0233    0.3476  -0.85736626
    6.8253    0.2730    0.9156   -0.0165    0.3175  -0.85736632
    6.8465    0.2918    0.8604   -0.0101    0.2850  -0.85736626
    6.8682    0.3099    0.8072   -0.0043    0.2513  -0.85736620
    6.8900    0.3269    0.7566    0.0008    0.2178  -0.85736632
    6.9111    0.3424    0.7097    0.0051    0.1861  -0.85736632
    6.9311    0.3562    0.6666    0.0085    0.1569  -0.85736632
    6.9540    0.3709    0.6189    0.0118    0.1250  -0.85736632
    6.9817    0.3872    0.5629    0.0147    0.0887  -0.85736632
    7.0146    0.4047    0.4980    0.0170    0.0491  -0.85736626
    7.0544    0.4230    0.4213    0.0181    0.0069  -0.85736632
    7.1079    0.4428    0.3200    0.0171   -0.0397  -0.85736626
    7.1541    0.4556    0.2336    0.0146   -0.0702  -0.85736626
    7.2007    0.4644    0.1468    0.0108   -0.0917  -0.85736626
    7.2443    0.4691    0.0656    0.0065   -0.1032  -0.85736620
    7.2854    0.4702   -0.0108    0.0021   -0.1066  -0.85736620
    7.3186    0.4688   -0.0727   -0.0014   -0.1039  -0.85736614
    7.3512    0.4655   -0.1334   -0.0046   -0.0966  -0.85736620
    7.3820    0.4605   -0.1909   -0.0075   -0.0854  -0.85736620
    7.4156    0.4530   -0.2541   -0.0101   -0.0685  -0.85736620
    7.4529    0.4422   -0.3244   -0.0122   -0.0441  -0.85736620
    7.4931    0.4276   -0.4011   -0.0133   -0.0112  -0.85736614
    7.5370    0.4082   -0.4861   -0.0129    0.0323  -0.85736614
    7.5808    0.3850   -0.5733   -0.0104    0.0832  -0.85736620
    7.6137    0.3650   -0.6412   -0.0069    0.1260  -0.85736614
    7.6415    0.3463   -0.7008   -0.0029    0.1649  -0.85736620
    7.6643    0.3298   -0.7517    0.0012    0.1983  -0.85736609
    7.6841    0.3145   -0.7978    0.0054    0.2280  -0.85736609
    7.7033    0.2987   -0.8447    0.0101    0.2573  -0.85736609
    7.7233    0.2813   -0.8959    0.0156    0.2876  -0.85736620
    7.7439    0.2622   -0.9523    0.0218    0.3181  -0.85736614
    7.7648    0.2418   -1.0134    0.0287    0.3470  -0.85736614
    7.7851    0.2205   -1.0782    0.0361    0.3717  -0.85736620
    7.8049    0.1985   -1.1465    0.0436    0.3904  -0.85736614
    7.8239    0.1760   -1.2181    0.0511    0.4005  -0.85736620
    7.8423    0.1529   -1.2930    0.0585    0.3992  -0.85736620
    7.8604    0.1288   -1.3713    0.0656    0.3828  -0.85736620
    7.8734    0.1106   -1.4290    0.0705    0.3586  -0.85736620
    7.8853    0.0934   -1.4816    0.0745    0.3251  -0.85736620
    7.8974    0.0751   -1.5328    0.0782    0.2779  -0.85736620
    7.9086    0.0577   -1.5750    0.0810    0.2223  -0.85736620
    7.9195    0.0404   -1.6088    0.0831    0.1571  -0.85736632
    7.9315    0.0208   -1.6342    0.0845    0.0744  -0.85736632
    7.9397    0.0073   -1.6428    0.0848    0.0136  -0.85736609
    7.9467   -0.0041   -1.6438    0.0848   -0.0389  -0.85736609
    7.9536   -0.0155   -1.6392    0.0843   -0.0907  -0.85736597
    7.9608   -0.0272   -1.6287    0.0835   -0.1426  -0.85736585
    7.9689   -0.0404   -1.6102    0.0821   -0.1980  -0.85736597
    7.9794   -0.0570   -1.5780    0.0797   -0.2615  -0.85736585
    7.9902   -0.0740   -1.5368    0.0765   -0.3168  -0.85736585
    8.0013   -0.0907   -1.4898    0.0728   -0.3611  -0.85736573
    8.0126   -0.1072   -1.4393    0.0685   -0.3945  -0.85736597
    8.0246   -0.1242   -1.3846    0.0636   -0.4187  -0.85736597
    8.0381   -0.1425   -1.3244    0.0578   -0.4337  -0.85736609
    8.0541   -0.1632   -1.2562    0.0508   -0.4387  -0.85736591
    8.0716   -0.1845   -1.1867    0.0432   -0.4325  -0.85736597
    8.0892   -0.2048   -1.1221    0.0357   -0.4176  -0.85736603
    8.1072   -0.2245   -1.0609    0.0284   -0.3962  -0.85736591
    8.1259   -0.2437   -1.0026    0.0212   -0.3701  -0.85736579
    8.1451   -0.2625   -0.9467    0.0144   -0.3404  -0.85736585
    8.1650   -0.2807   -0.8929    0.0079   -0.3083  -0.85736585
    8.1852   -0.2982   -0.8415    0.0020   -0.2751  -0.85736573
    8.2052   -0.3146   -0.7932   -0.0032   -0.2421  -0.85736573
    8.2243   -0.3293   -0.7494   -0.0075   -0.2113  -0.85736573
    8.2441   -0.3437   -0.7054   -0.0114   -0.1801  -0.85736567
    8.2673   -0.3595   -0.6557   -0.0151   -0.1450  -0.85736573
    8.2950   -0.3769   -0.5984   -0.0186   -0.1053  -0.85736567
    8.3278   -0.3954   -0.5326   -0.0213   -0.0622  -0.85736561
    8.3670   -0.4148   -0.4556   -0.0228   -0.0160  -0.85736567
    8.4182   -0.4356   -0.3572   -0.0223    0.0343  -0.85736567
    8.4665   -0.4506   -0.2655   -0.0197    0.0714  -0.85736573
    8.5154   -0.4613   -0.1729   -0.0155    0.0985  -0.85736573
    8.5611   -0.4673   -0.0865   -0.0106    0.1141  -0.85736567
    8.6042   -0.4692   -0.0049   -0.0055    0.1201  -0.85736567
    8.6446   -0.4679    0.0715   -0.0007    0.1182  -0.85736573
    8.6756   -0.4648    0.1305    0.0029    0.1117  -0.85736573
    8.7058   -0.4600    0.1879    0.0061    0.1013  -0.85736573
    8.7370   -0.4532    0.2475    0.0090    0.0862  -0.85736573
    8.7717   -0.4434    0.3143    0.0117    0.0642  -0.85736573
    8.8102   -0.4299    0.3887    0.0136    0.0337  -0.85736567
    8.8520   -0.4119    0.4710    0.0141   -0.0068  -0.85736573
    8.8985   -0.3879    0.5647    0.0126   -0.0604  -0.85736573
    8.9346   -0.3662    0.6399    0.0096   -0.1078  -0.85736579
    8.9643   -0.3462    0.7044    0.0058   -0.1504  -0.85736591
    8.9891   -0.3280    0.7607    0.0016   -0.1879  -0.85736579
    9.0093   -0.3122    0.8084   -0.0025   -0.2193  -0.85736591
    9.0290   -0.2958    0.8573   -0.0071   -0.2506  -0.85736591
    9.0477   -0.2793    0.9064   -0.0121   -0.2805  -0.85736585
    9.0671   -0.2612    0.9602   -0.0179   -0.3109  -0.85736591
    9.0869   -0.2416    1.0191   -0.0243   -0.3404  -0.85736597
    9.1065   -0.2210    1.0822   -0.0313   -0.3667  -0.85736591
    9.1256   -0.1998    1.1490   -0.0384   -0.3878  -0.85736597
    9.1439   -0.1780    1.2191   -0.0457   -0.4013  -0.85736585
    9.1616   -0.1559    1.2923   -0.0528   -0.4046  -0.85736573
    9.1788   -0.1330    1.3689   -0.0597   -0.3946  -0.85736585
    9.1919   -0.1146    1.4299   -0.0648   -0.3747  -0.85736585
    9.2036   -0.0975    1.4850   -0.0690   -0.3457  -0.85736585
    9.2145   -0.0811    1.5348   -0.0726   -0.3073  -0.85736585
    9.2255   -0.0640    1.5816   -0.0757   -0.2563  -0.85736573
    9.2358   -0.0475    1.6197   -0.0780   -0.1965  -0.85736573
    9.2462   -0.0304    1.6493   -0.0797   -0.1256  -0.85736597
    9.2553   -0.0154    1.6654   -0.0806   -0.0578  -0.85736573
    9.2628   -0.0028    1.6710   -0.0808    0.0015  -0.85736573
    9.2690    0.0076    1.6700   -0.0806    0.0510  -0.85736585
    9.2752    0.0178    1.6641   -0.0802    0.0990  -0.85736585
    9.2819    0.0290    1.6521   -0.0793    0.1499  -0.85736561
    9.2899    0.0421    1.6312   -0.0779    0.2060  -0.85736549
    9.3008    0.0597    1.5934   -0.0753    0.2728  -0.85736549
    9.3118    0.0769    1.5476   -0.0720    0.3274  -0.85736549
    9.3221    0.0926    1.5005   -0.0684    0.3667  -0.85736573
    9.3329    0.1086    1.4492   -0.0642    0.3968  -0.85736561
    9.3448    0.1254    1.3928   -0.0594    0.4181  -0.85736549
    9.3584    0.1440    1.3300   -0.0536    0.4304  -0.85736561
    9.3752    0.1657    1.2568   -0.0463    0.4319  -0.85736555
    9.3919    0.1861    1.1893   -0.0392    0.4225  -0.85736549
    9.4089    0.2058    1.1261   -0.0321    0.4056  -0.85736549
    9.4264    0.2250    1.0660   -0.0252    0.3829  -0.85736555
    9.4446    0.2438    1.0085   -0.0185    0.3558  -0.85736555
    9.4634    0.2623    0.9533   -0.0121    0.3256  -0.85736549
    9.4827    0.2802    0.9001   -0.0061    0.2932  -0.85736549
    9.5023    0.2973    0.8495   -0.0007    0.2602  -0.85736537
    9.5216    0.3133    0.8022    0.0040    0.2277  -0.85736537
    9.5395    0.3272    0.7603    0.0078    0.1984  -0.85736537
    9.5593    0.3418    0.7155    0.0114    0.1667  -0.85736537
    9.5830    0.3582    0.6638    0.0149    0.1304  -0.85736537
    9.6109    0.3759    0.6049    0.0180    0.0902  -0.85736537
    9.6440    0.3948    0.5371    0.0203    0.0464  -0.85736537
    9.6842    0.4147    0.4569    0.0212   -0.0007  -0.85736531
    9.7390    0.4368    0.3496    0.0196   -0.0534  -0.85736537
    9.7853    0.4509    0.2602    0.0163   -0.0873  -0.85736531
    9.8315    0.4609    0.1712    0.0117   -0.1115  -0.85736537
    9.8750    0.4665    0.0877    0.0065   -0.1252  -0.85736531
    9.9158    0.4685    0.0096    0.0013   -0.1302  -0.85736531
    9.9474    0.4679   -0.0510   -0.0028   -0.1287  -0.85736531
    9.9784    0.4654   -0.1105   -0.0067   -0.1228  -0.85736531
   10.0101    0.4609   -0.1714   -0.0105   -0.1121  -0.85736531
   10.0451    0.4537   -0.2388   -0.0141   -0.0950  -0.85736531
   10.0837    0.4431   -0.3133   -0.0173   -0.0696  -0.85736531
   10.1251    0.4284   -0.3939   -0.0195   -0.0348  -0.85736531
   10.1694    0.4090   -0.4813   -0.0201    0.0108  -0.85736531
   10.2182    0.3831   -0.5800   -0.0181    0.0710  -0.85736531
   10.2561    0.3597   -0.6596   -0.0144    0.1243  -0.85736513
   10.2868    0.3384   -0.7271   -0.0099    0.1713  -0.85736519
   10.3128    0.3187   -0.7869   -0.0049    0.2132  -0.85736519
   10.3342    0.3013   -0.8387    0.0000    0.2488  -0.85736525
   10.3511    0.2868   -0.8816    0.0045    0.2771  -0.85736525
   10.3676    0.2719   -0.9259    0.0093    0.3049  -0.85736513
   10.3849    0.2554   -0.9748    0.0148    0.3333  -0.85736513
   10.4030    0.2373   -1.0297    0.0211    0.3618  -0.85736513
   10.4213    0.2179   -1.0893    0.0280    0.3878  -0.85736519
   10.4394    0.1976   -1.1535    0.0352    0.4094  -0.85736513
   10.4570    0.1768   -1.2214    0.0425    0.4238  -0.85736507
   10.4741    0.1553   -1.2931    0.0498    0.4287  -0.85736513
   10.4908    0.1331   -1.3685    0.0569    0.4206  -0.85736501
   10.5040    0.1146   -1.4308    0.0624    0.4018  -0.85736513
   10.5156    0.0976   -1.4865    0.0669    0.3736  -0.85736525
   10.5264    0.0812   -1.5371    0.0707    0.3356  -0.85736525
   10.5374    0.0641   -1.5847    0.0742    0.2845  -0.85736537
   10.5477    0.0476   -1.6232    0.0768    0.2244  -0.85736549
   10.5583    0.0302   -1.6534    0.0788    0.1517  -0.85736537
   10.5673    0.0153   -1.6691    0.0798    0.0836  -0.85736513
   10.5750    0.0024   -1.6745    0.0803    0.0221  -0.85736513
   10.5818   -0.0089   -1.6725    0.0802   -0.0316  -0.85736525
   10.5882   -0.0196   -1.6651    0.0799   -0.0820  -0.85736525
   10.5949   -0.0307   -1.6520    0.0791   -0.1320  -0.85736513
   10.6030   -0.0441   -1.6295    0.0778   -0.1881  -0.85736525
   10.6131   -0.0603   -1.5937    0.0756   -0.2488  -0.85736561
   10.6236   -0.0768   -1.5496    0.0727   -0.3008  -0.85736513
   10.6337   -0.0923   -1.5034    0.0695   -0.3397  -0.85736549
   10.6444   -0.1081   -1.4530    0.0657   -0.3698  -0.85736525
   10.6562   -0.1249   -1.3972    0.0612   -0.3918  -0.85736537
   10.6697   -0.1433   -1.3353    0.0558   -0.4051  -0.85736513
   10.6865   -0.1651   -1.2622    0.0489   -0.4082  -0.85736525
   10.7034   -0.1859   -1.1938    0.0421   -0.4004  -0.85736519
   10.7207   -0.2060   -1.1295    0.0353   -0.3847  -0.85736519
   10.7386   -0.2257   -1.0681    0.0286   -0.3631  -0.85736525
   10.7572   -0.2450   -1.0091    0.0221   -0.3369  -0.85736519
   10.7766   -0.2640   -0.9520    0.0158   -0.3072  -0.85736513
   10.7967   -0.2826   -0.8968    0.0100   -0.2751  -0.85736525
   10.8173   -0.3005   -0.8435    0.0046   -0.2418  -0.85736513
   10.8382   -0.3176   -0.7924   -0.0001   -0.2084  -0.85736513
   10.8588   -0.3334   -0.7444   -0.0040   -0.1762  -0.85736525
   10.8775   -0.3469   -0.7022   -0.0070   -0.1479  -0.85736519
   10.8988   -0.3613   -0.6558   -0.0099   -0.1169  -0.85736513
   10.9242   -0.3773   -0.6020   -0.0124   -0.0820  -0.85736519
   10.9546   -0.3947   -0.5393   -0.0143   -0.0434  -0.85736519
   10.9916   -0.4132   -0.4652   -0.0151   -0.0017  -0.85736519
   11.0401   -0.4335   -0.3698   -0.0140    0.0443  -0.85736525
   11.0846   -0.4480   -0.2837   -0.0113    0.0773  -0.85736513
   11.1293   -0.4588   -0.1979   -0.0073    0.1016  -0.85736519
   11.1707   -0.4654   -0.1187   -0.0027    0.1160  -0.85736519
   11.2047   -0.4683   -0.0540    0.0013    0.1221  -0.85736525
   11.2379   -0.4690    0.0091    0.0054    0.1229  -0.85736519
   11.2689   -0.4678    0.0679    0.0092    0.1191  -0.85736519
   11.3028   -0.4644    0.1323    0.0131    0.1100  -0.85736525
   11.3403   -0.4581    0.2034    0.0169    0.0938  -0.85736525
   11.3807   -0.4484    0.2803    0.0202    0.0693  -0.85736519
   11.4237   -0.4345    0.3624    0.0225    0.0353  -0.85736525
   11.4693   -0.4160    0.4504    0.0231   -0.0097  -0.85736525
   11.5188   -0.3913    0.5478    0.0212   -0.0685  -0.85736525
   11.5589   -0.3677    0.6295    0.0174   -0.1233  -0.85736525
   11.5917   -0.3460    0.6991    0.0126   -0.1724  -0.85736525
   11.6195   -0.3257    0.7609    0.0072   -0.2164  -0.85736519
   11.6427   -0.3074    0.8152    0.0017   -0.2544  -0.85736525
   11.6613   -0.2918    0.8612   -0.0033   -0.2855  -0.85736531
   11.6799   -0.2754    0.9094   -0.0089   -0.3162  -0.85736525
   11.6976   -0.2589    0.9581   -0.0147   -0.3449  -0.85736531
   11.7158   -0.2409    1.0120   -0.0213   -0.3732  -0.85736537
   11.7344   -0.2215    1.0710   -0.0285   -0.3993  -0.85736543
   11.7529   -0.2012    1.1346   -0.0361   -0.4208  -0.85736531
   11.7710   -0.1800    1.2024   -0.0438   -0.4353  -0.85736531
   11.7886   -0.1582    1.2740   -0.0515   -0.4399  -0.85736537
   11.8059   -0.1356    1.3492   -0.0591   -0.4313  -0.85736555
   11.8193   -0.1171    1.4102   -0.0647   -0.4123  -0.85736549
   11.8314   -0.0996    1.4659   -0.0696   -0.3833  -0.85736537
   11.8439   -0.0810    1.5214   -0.0741   -0.3396  -0.85736537
   11.8552   -0.0635    1.5673   -0.0777   -0.2868  -0.85736549
   11.8661   -0.0462    1.6047   -0.0805   -0.2239  -0.85736561
   11.8777   -0.0274    1.6335   -0.0826   -0.1457  -0.85736549
   11.8867   -0.0126    1.6461   -0.0836   -0.0796  -0.85736561
   11.8948    0.0007    1.6493   -0.0840   -0.0184  -0.85736549
   11.9018    0.0122    1.6457   -0.0840    0.0348  -0.85736573
   11.9087    0.0236    1.6365   -0.0836    0.0858  -0.85736549
   11.9161    0.0357    1.6210   -0.0827    0.1373  -0.85736573
   11.9254    0.0506    1.5945   -0.0812    0.1962  -0.85736561
   11.9358    0.0669    1.5575   -0.0788    0.2528  -0.85736561
   11.9465    0.0834    1.5137   -0.0759    0.3006  -0.85736561
   11.9573    0.0994    1.4665   -0.0724    0.3376  -0.85736561
   11.9688    0.1160    1.4148   -0.0684    0.3662  -0.85736573
   11.9815    0.1337    1.3578   -0.0636    0.3865  -0.85736567
   11.9963    0.1532    1.2938   -0.0577    0.3979  -0.85736579
   12.0142    0.1757    1.2207   -0.0506    0.3986  -0.85736573
   12.0321    0.1970    1.1527   -0.0435    0.3891  -0.85736567
   12.0505    0.2176    1.0885   -0.0365    0.3720  -0.85736579
   12.0695    0.2377    1.0270   -0.0297    0.3493  -0.85736573
   12.0893    0.2574    0.9677   -0.0230    0.3221  -0.85736579
   12.1099    0.2768    0.9103   -0.0167    0.2918  -0.85736579
   12.1314    0.2957    0.8544   -0.0108    0.2592  -0.85736585
   12.1535    0.3140    0.8001   -0.0054    0.2254  -0.85736585
   12.1759    0.3314    0.7478   -0.0007    0.1916  -0.85736585
   12.1980    0.3473    0.6985    0.0031    0.1594  -0.85736573
   12.2186    0.3612    0.6541    0.0061    0.1305  -0.85736585
   12.2413    0.3755    0.6066    0.0087    0.1001  -0.85736573
   12.2684    0.3912    0.5513    0.0110    0.0662  -0.85736573
   12.3009    0.4081    0.4866    0.0125    0.0291  -0.85736579
   12.3408    0.4260    0.4088    0.0129   -0.0107  -0.85736573
   12.3889    0.4434    0.3169    0.0114   -0.0499  -0.85736585
   12.4319    0.4553    0.2357    0.0086   -0.0765  -0.85736573
   12.4745    0.4636    0.1556    0.0049   -0.0950  -0.85736573
   12.5142    0.4683    0.0812    0.0009   -0.1052  -0.85736579
   12.5456    0.4700    0.0226   -0.0024   -0.1083  -0.85736573
   12.5762    0.4698   -0.0343   -0.0057   -0.1072  -0.85736573
   12.6072    0.4678   -0.0922   -0.0090   -0.1019  -0.85736579
   12.6420    0.4635   -0.1569   -0.0123   -0.0909  -0.85736585
   12.6800    0.4562   -0.2279   -0.0155   -0.0729  -0.85736579
   12.7208    0.4453   -0.3044   -0.0179   -0.0466  -0.85736579
   12.7642    0.4303   -0.3862   -0.0192   -0.0110  -0.85736579
   12.8107    0.4103   -0.4751   -0.0187    0.0360  -0.85736579
   12.8557    0.3870   -0.5634   -0.0159    0.0895  -0.85736573
   12.8913    0.3656   -0.6358   -0.0119    0.1371  -0.85736585
   12.9215    0.3454   -0.6998   -0.0071    0.1808  -0.85736591
   12.9467    0.3271   -0.7556   -0.0020    0.2189  -0.85736585
   12.9672    0.3111   -0.8030    0.0028    0.2507  -0.85736573
   12.9874    0.2944   -0.8522    0.0082    0.2824  -0.85736591
   13.0064    0.2778   -0.9009    0.0138    0.3119  -0.85736585
   13.0260    0.2596   -0.9545    0.0202    0.3416  -0.85736597
   13.0461    0.2399   -1.0133    0.0274    0.3699  -0.85736585
   13.0659    0.2192   -1.0761    0.0349    0.3943  -0.85736591
   13.0853    0.1977   -1.1429    0.0428    0.4128  -0.85736585
   13.1041    0.1755   -1.2134    0.0507    0.4228  -0.85736591
   13.1225    0.1526   -1.2874    0.0584    0.4213  -0.85736603
   13.1387    0.1311   -1.3568    0.0652    0.4071  -0.85736597
   13.1520    0.1127   -1.4152    0.0704    0.3834  -0.85736609
   13.1642    0.0950   -1.4685    0.0749    0.3499  -0.85736597
   13.1767    0.0764   -1.5201    0.0790    0.3025  -0.85736573
   13.1882    0.0587   -1.5625    0.0822    0.2463  -0.85736585
   13.1995    0.0408   -1.5965    0.0846    0.1796  -0.85736573
   13.2125    0.0198   -1.6222    0.0864    0.0915  -0.85736585
   13.2212    0.0057   -1.6296    0.0869    0.0291  -0.85736585
   13.2287   -0.0066   -1.6293    0.0869   -0.0262  -0.85736597
   13.2361   -0.0186   -1.6230    0.0865   -0.0797  -0.85736597
   13.2434   -0.0303   -1.6112    0.0858   -0.1300  -0.85736585
   13.2520   -0.0441   -1.5907    0.0844   -0.1859  -0.85736585
   13.2642   -0.0634   -1.5518    0.0817   -0.2552  -0.85736597
   13.2760   -0.0814   -1.5066    0.0783   -0.3094  -0.85736573
   13.2872   -0.0980   -1.4597    0.0746   -0.3493  -0.85736573
   13.2989   -0.1147   -1.4088    0.0704   -0.3797  -0.85736573
   13.3117   -0.1324   -1.3530    0.0654   -0.4016  -0.85736585
   13.3262   -0.1516   -1.2911    0.0594   -0.4145  -0.85736573
   13.3438   -0.1736   -1.2199    0.0521   -0.4171  -0.85736567
   13.3620   -0.1953   -1.1510    0.0445   -0.4087  -0.85736567
   13.3806   -0.2160   -1.0866    0.0371   -0.3924  -0.85736573
   13.3996   -0.2362   -1.0253    0.0298   -0.3701  -0.85736573
   13.4195   -0.2559   -0.9662    0.0228   -0.3432  -0.85736579
   13.4400   -0.2752   -0.9095    0.0160   -0.3129  -0.85736573
   13.4613   -0.2939   -0.8544    0.0097   -0.2803  -0.85736573
   13.4830   -0.3119   -0.8015    0.0040   -0.2467  -0.85736567
   13.5048   -0.3288   -0.7510   -0.0010   -0.2133  -0.85736567
   13.5258   -0.3441   -0.7045   -0.0052   -0.1819  -0.85736561
   13.5459   -0.3578   -0.6616   -0.0085   -0.1530  -0.85736567
   13.5691   -0.3726   -0.6134   -0.0117   -0.1209  -0.85736573
   13.5970   -0.3889   -0.5570   -0.0146   -0.0846  -0.85736573
   13.6302   -0.4063   -0.4917   -0.0167   -0.0452  -0.85736573
   13.6706   -0.4246   -0.4139   -0.0177   -0.0031  -0.85736573
   13.7260   -0.4446   -0.3092   -0.0165    0.0439  -0.85736573
   13.7718   -0.4568   -0.2236   -0.0138    0.0729  -0.85736573
   13.8177   -0.4651   -0.1381   -0.0099    0.0930  -0.85736573
   13.8609   -0.4694   -0.0578   -0.0057    0.1035  -0.85736573
   13.9013   -0.4702    0.0173   -0.0014    0.1060  -0.85736567
   13.9333   -0.4687    0.0770    0.0020    0.1029  -0.85736573
   13.9649   -0.4653    0.1357    0.0051    0.0955  -0.85736573
   13.9959   -0.4602    0.1937    0.0079    0.0840  -0.85736573
   14.0301   -0.4525    0.2577    0.0105    0.0666  -0.85736573
   14.0677   -0.4415    0.3288    0.0125    0.0415  -0.85736573
   14.1085   -0.4265    0.4065    0.0136    0.0077  -0.85736573
   14.1528   -0.4066    0.4924    0.0129   -0.0369  -0.85736573
   14.1950   -0.3840    0.5765    0.0104   -0.0864  -0.85736561
   14.2278   -0.3640    0.6441    0.0068   -0.1292  -0.85736573
   14.2554   -0.3454    0.7034    0.0027   -0.1680  -0.85736561
   14.2782   -0.3288    0.7543   -0.0015   -0.2013  -0.85736573
   14.2979   -0.3135    0.8003   -0.0057   -0.2310  -0.85736573
   14.3172   -0.2976    0.8476   -0.0105   -0.2605  -0.85736561
   14.3376   -0.2798    0.9000   -0.0161   -0.2913  -0.85736567
   14.3584   -0.2605    0.9571   -0.0225   -0.3219  -0.85736567
   14.3792   -0.2400    1.0184   -0.0295   -0.3504  -0.85736561
   14.3996   -0.2185    1.0836   -0.0369   -0.3747  -0.85736549
   14.4193   -0.1965    1.1522   -0.0444   -0.3926  -0.85736543
   14.4382   -0.1740    1.2240   -0.0520   -0.4017  -0.85736537
   14.4567   -0.1508    1.2992   -0.0594   -0.3991  -0.85736543
   14.4728   -0.1293    1.3689   -0.0657   -0.3839  -0.85736549
   14.4858   -0.1110    1.4270   -0.0706   -0.3597  -0.85736537
   14.4978   -0.0936    1.4799   -0.0747   -0.3260  -0.85736549
   14.5100   -0.0752    1.5312   -0.0784   -0.2787  -0.85736549
   14.5212   -0.0579    1.5733   -0.0812   -0.2234  -0.85736513
   14.5322   -0.0404    1.6073   -0.0833   -0.1576  -0.85736537
   14.5440   -0.0212    1.6323   -0.0847   -0.0765  -0.85736525
   14.5524   -0.0074    1.6411   -0.0851   -0.0148  -0.85736537
   14.5594    0.0040    1.6422   -0.0850    0.0373  -0.85736537
   14.5663    0.0154    1.6376   -0.0846    0.0893  -0.85736549
   14.5737    0.0274    1.6269   -0.0837    0.1422  -0.85736513
   14.5819    0.0406    1.6083   -0.0823    0.1978  -0.85736537
   14.5922    0.0571    1.5764   -0.0799    0.2605  -0.85736525
   14.6032    0.0742    1.5352   -0.0768    0.3160  -0.85736501
   14.6144    0.0911    1.4877   -0.0730    0.3607  -0.85736513
   14.6257    0.1076    1.4372   -0.0687    0.3941  -0.85736513
   14.6378    0.1247    1.3823   -0.0638    0.4182  -0.85736525
   14.6513    0.1430    1.3221   -0.0580    0.4332  -0.85736513
   14.6675    0.1638    1.2536   -0.0509    0.4381  -0.85736507
   14.6850    0.1852    1.1842   -0.0433    0.4317  -0.85736519
   14.7027    0.2055    1.1195   -0.0358    0.4167  -0.85736501
   14.7208    0.2253    1.0582   -0.0284    0.3953  -0.85736507
   14.7396    0.2445    0.9998   -0.0213    0.3690  -0.85736501
   14.7589    0.2634    0.9438   -0.0144    0.3393  -0.85736501
   14.7789    0.2817    0.8899   -0.0079    0.3071  -0.85736507
   14.7991    0.2991    0.8388   -0.0021    0.2740  -0.85736489
   14.8190    0.3153    0.7909    0.0031    0.2413  -0.85736489
   14.8378    0.3298    0.7477    0.0073    0.2110  -0.85736501
   14.8576    0.3442    0.7040    0.0112    0.1800  -0.85736483
   14.8808    0.3599    0.6544    0.0150    0.1450  -0.85736483
   14.9086    0.3773    0.5969    0.0184    0.1053  -0.85736489
   14.9414    0.3958    0.5311    0.0212    0.0623  -0.85736489
   14.9808    0.4152    0.4540    0.0227    0.0162  -0.85736495
   15.0314    0.4357    0.3568    0.0222   -0.0335  -0.85736489
   15.0801    0.4508    0.2644    0.0196   -0.0708  -0.85736495
   15.1290    0.4615    0.1720    0.0155   -0.0977  -0.85736489
   15.1747    0.4674    0.0857    0.0106   -0.1132  -0.85736495
   15.2180    0.4693    0.0040    0.0056   -0.1192  -0.85736495
   15.2583    0.4679   -0.0725    0.0008   -0.1172  -0.85736495
   15.2896    0.4647   -0.1318   -0.0028   -0.1106  -0.85736501
   15.3197    0.4599   -0.1890   -0.0060   -0.1001  -0.85736495
   15.3511    0.4530   -0.2489   -0.0089   -0.0848  -0.85736501
   15.3862    0.4431   -0.3163   -0.0115   -0.0625  -0.85736495
   15.4248    0.4295   -0.3910   -0.0134   -0.0318  -0.85736501
   15.4664    0.4115   -0.4727   -0.0139    0.0085  -0.85736495
   15.5133    0.3871   -0.5673   -0.0122    0.0628  -0.85736495
   15.5488    0.3657   -0.6413   -0.0092    0.1094  -0.85736495
   15.5783    0.3458   -0.7055   -0.0053    0.1516  -0.85736501
   15.6028    0.3279   -0.7611   -0.0012    0.1886  -0.85736501
   15.6224    0.3125   -0.8074    0.0028    0.2191  -0.85736501
   15.6417    0.2964   -0.8554    0.0073    0.2497  -0.85736501
   15.6605    0.2799   -0.9043    0.0123    0.2794  -0.85736501
   15.6798    0.2620   -0.9577    0.0180    0.3095  -0.85736501
   15.6997    0.2423   -1.0168    0.0245    0.3391  -0.85736501
   15.7194    0.2217   -1.0800    0.0314    0.3655  -0.85736507
   15.7385    0.2004   -1.1469    0.0386    0.3866  -0.85736507
   15.7569    0.1786   -1.2168    0.0459    0.4001  -0.85736525
   15.7747    0.1564   -1.2901    0.0530    0.4036  -0.85736519
   15.7919    0.1335   -1.3668    0.0599    0.3936  -0.85736501
   15.8051    0.1150   -1.4279    0.0650    0.3738  -0.85736525
   15.8169    0.0979   -1.4831    0.0692    0.3448  -0.85736513
   15.8278    0.0816   -1.5328    0.0728    0.3068  -0.85736513
   15.8388    0.0644   -1.5797    0.0759    0.2558  -0.85736501
   15.8492    0.0478   -1.6179    0.0782    0.1962  -0.85736501
   15.8596    0.0307   -1.6476    0.0799    0.1255  -0.85736489
   15.8688    0.0156   -1.6639    0.0808    0.0573  -0.85736501
   15.8763    0.0031   -1.6697    0.0810   -0.0016  -0.85736501
   15.8825   -0.0074   -1.6688    0.0808   -0.0513  -0.85736489
   15.8886   -0.0175   -1.6630    0.0803   -0.0988  -0.85736501
   15.8953   -0.0286   -1.6514    0.0795   -0.1492  -0.85736489
   15.9035   -0.0421   -1.6302    0.0781   -0.2068  -0.85736501
   15.9151   -0.0608   -1.5898    0.0752   -0.2774  -0.85736501
   15.9260   -0.0779   -1.5440    0.0719   -0.3309  -0.85736513
   15.9363   -0.0936   -1.4966    0.0683   -0.3698  -0.85736501
   15.9472   -0.1095   -1.4453    0.0641   -0.3993  -0.85736489
   15.9592   -0.1265   -1.3884    0.0592   -0.4203  -0.85736489
   15.9728   -0.1450   -1.3259    0.0533   -0.4319  -0.85736501
   15.9897   -0.1667   -1.2528    0.0460   -0.4328  -0.85736495
   16.0064   -0.1872   -1.1854    0.0389   -0.4231  -0.85736507
   16.0234   -0.2068   -1.1225    0.0318   -0.4058  -0.85736501
   16.0410   -0.2260   -1.0626    0.0249   -0.3829  -0.85736501
   16.0592   -0.2448   -1.0052    0.0181   -0.3556  -0.85736513
   16.0780   -0.2632   -0.9501    0.0117   -0.3252  -0.85736501
   16.0974   -0.2811   -0.8972    0.0057   -0.2928  -0.85736501
   16.1170   -0.2981   -0.8468    0.0003   -0.2598  -0.85736501
   16.1363   -0.3141   -0.7995   -0.0044   -0.2273  -0.85736501
   16.1540   -0.3278   -0.7582   -0.0081   -0.1982  -0.85736489
   16.1740   -0.3425   -0.7130   -0.0118   -0.1662  -0.85736495
   16.1977   -0.3588   -0.6614   -0.0153   -0.1299  -0.85736483
   16.2260   -0.3767   -0.6019   -0.0184   -0.0892  -0.85736489
   16.2594   -0.3956   -0.5337   -0.0206   -0.0452  -0.85736495
   16.2998   -0.4156   -0.4530   -0.0215    0.0019  -0.85736501
   16.3559   -0.4379   -0.3435   -0.0198    0.0553  -0.85736495
   16.4022   -0.4517   -0.2542   -0.0164    0.0888  -0.85736489
   16.4484   -0.4614   -0.1654   -0.0117    0.1124  -0.85736495
   16.4920   -0.4668   -0.0817   -0.0065    0.1256  -0.85736495
   16.5329   -0.4685   -0.0034   -0.0013    0.1301  -0.85736495
   16.5649   -0.4677    0.0581    0.0029    0.1282  -0.85736495
   16.5963   -0.4649    0.1183    0.0068    0.1217  -0.85736501
   16.6284   -0.4601    0.1799    0.0106    0.1104  -0.85736501
   16.6640   -0.4525    0.2486    0.0142    0.0922  -0.85736495
   16.7029   -0.4414    0.3237    0.0173    0.0658  -0.85736501
   16.7444   -0.4262    0.4047    0.0193    0.0300  -0.85736501
   16.7888   -0.4063    0.4926    0.0196   -0.0167  -0.85736501
   16.8387   -0.3792    0.5941    0.0173   -0.0793  -0.85736507
   16.8749   -0.3563    0.6707    0.0135   -0.1309  -0.85736507
   16.9048   -0.3354    0.7366    0.0089   -0.1769  -0.85736501
   16.9299   -0.3161    0.7949    0.0040   -0.2175  -0.85736501
   16.9507   -0.2991    0.8457   -0.0009   -0.2522  -0.85736495
   16.9678   -0.2842    0.8898   -0.0055   -0.2810  -0.85736501
   16.9848   -0.2687    0.9357   -0.0105   -0.3094  -0.85736507
   17.0025   -0.2517    0.9865   -0.0163   -0.3382  -0.85736513
   17.0209   -0.2331    1.0429   -0.0227   -0.3665  -0.85736513
   17.0393   -0.2133    1.1041   -0.0297   -0.3919  -0.85736513
   17.0573   -0.1929    1.1693   -0.0370   -0.4120  -0.85736513
   17.0748   -0.1718    1.2383   -0.0443   -0.4245  -0.85736519
   17.0917   -0.1502    1.3108   -0.0515   -0.4266  -0.85736519
   17.1084   -0.1277    1.3870   -0.0586   -0.4149  -0.85736501
   17.1208   -0.1101    1.4462   -0.0636   -0.3940  -0.85736501
   17.1323   -0.0933    1.5008   -0.0679   -0.3631  -0.85736501
   17.1440   -0.0754    1.5547   -0.0719   -0.3180  -0.85736513
   17.1546   -0.0586    1.5992   -0.0750   -0.2640  -0.85736501
   17.1649   -0.0419    1.6350   -0.0774   -0.2003  -0.85736513
   17.1759   -0.0238    1.6622   -0.0792   -0.1212  -0.85736501
   17.1841   -0.0101    1.6731   -0.0800   -0.0575  -0.85736489
   17.1914    0.0020    1.6753   -0.0802    0.0005  -0.85736477
   17.1975    0.0123    1.6716   -0.0800    0.0493  -0.85736489
   17.2035    0.0223    1.6633   -0.0796    0.0958  -0.85736513
   17.2102    0.0334    1.6489   -0.0788    0.1453  -0.85736477
   17.2186    0.0472    1.6241   -0.0773    0.2022  -0.85736477
   17.2286    0.0632    1.5871   -0.0750    0.2606  -0.85736489
   17.2389    0.0794    1.5429   -0.0720    0.3097  -0.85736477
   17.2491    0.0948    1.4959   -0.0687    0.3470  -0.85736513
   17.2600    0.1108    1.4444   -0.0647    0.3758  -0.85736501
   17.2720    0.1279    1.3875   -0.0601    0.3963  -0.85736501
   17.2859    0.1468    1.3238   -0.0545    0.4080  -0.85736501
   17.3029    0.1686    1.2509   -0.0475    0.4089  -0.85736489
   17.3198    0.1892    1.1834   -0.0407    0.3995  -0.85736489
   17.3371    0.2091    1.1198   -0.0339    0.3826  -0.85736495
   17.3550    0.2286    1.0590   -0.0272    0.3601  -0.85736495
   17.3737    0.2479    1.0003   -0.0207    0.3332  -0.85736495
   17.3932    0.2667    0.9437   -0.0146    0.3030  -0.85736495
   17.4134    0.2853    0.8887   -0.0088    0.2705  -0.85736489
   17.4341    0.3031    0.8358   -0.0035    0.2370  -0.85736489
   17.4549    0.3200    0.7851    0.0011    0.2036  -0.85736489
   17.4749    0.3352    0.7387    0.0048    0.1724  -0.85736495
   17.4943    0.3491    0.6953    0.0079    0.1431  -0.85736489
   17.5168    0.3642    0.6463    0.0107    0.1104  -0.85736501
   17.5439    0.3810    0.5893    0.0132    0.0736  -0.85736495
   17.5761    0.3988    0.5235    0.0149    0.0337  -0.85736501
   17.6151    0.4177    0.4455    0.0154   -0.0091  -0.85736501
   17.6702    0.4393    0.3376    0.0135   -0.0583  -0.85736501
   17.7136    0.4522    0.2538    0.0103   -0.0875  -0.85736501
   17.7571    0.4614    0.1705    0.0060   -0.1083  -0.85736501
   17.7977    0.4667    0.0929    0.0014   -0.1199  -0.85736501
   17.8297    0.4687    0.0321   -0.0026   -0.1238  -0.85736501
   17.8611    0.4688   -0.0277   -0.0064   -0.1230  -0.85736501
   17.8928    0.4670   -0.0879   -0.0103   -0.1178  -0.85736501
   17.9281    0.4627   -0.1550   -0.0142   -0.1065  -0.85736501
   17.9668    0.4552   -0.2285   -0.0180   -0.0877  -0.85736501
   18.0081    0.4442   -0.3071   -0.0211   -0.0602  -0.85736495
   18.0517    0.4290   -0.3909   -0.0229   -0.0228  -0.85736495
   18.0982    0.4087   -0.4810   -0.0229    0.0261  -0.85736489
   18.1504    0.3809   -0.5851   -0.0199    0.0917  -0.85736501
   18.1873    0.3579   -0.6616   -0.0155    0.1445  -0.85736501
   18.2179    0.3366   -0.7281   -0.0104    0.1918  -0.85736495
   18.2437    0.3171   -0.7869   -0.0049    0.2336  -0.85736495
   18.2650    0.2998   -0.8379    0.0005    0.2689  -0.85736501
   18.2821    0.2852   -0.8810    0.0053    0.2973  -0.85736489
   18.2988    0.2701   -0.9254    0.0105    0.3250  -0.85736501
   18.3163    0.2534   -0.9747    0.0164    0.3532  -0.85736501
   18.3346    0.2351   -1.0298    0.0231    0.3810  -0.85736495
   18.3531    0.2155   -1.0899    0.0304    0.4059  -0.85736495
   18.3713    0.1950   -1.1545    0.0380    0.4257  -0.85736495
   18.3892    0.1738   -1.2231    0.0457    0.4378  -0.85736483
   18.4066    0.1519   -1.2957    0.0534    0.4392  -0.85736483
   18.4238    0.1289   -1.3721    0.0609    0.4262  -0.85736489
   18.4366    0.1110   -1.4310    0.0662    0.4040  -0.85736477
   18.4485    0.0937   -1.4852    0.0708    0.3715  -0.85736489
   18.4604    0.0756   -1.5376    0.0750    0.3253  -0.85736489
   18.4716    0.0583   -1.5811    0.0783    0.2695  -0.85736489
   18.4824    0.0409   -1.6159    0.0809    0.2032  -0.85736477
   18.4950    0.0205   -1.6424    0.0829    0.1156  -0.85736477
   18.5034    0.0065   -1.6504    0.0836    0.0517  -0.85736489
   18.5111   -0.0062   -1.6502    0.0838   -0.0068  -0.85736465
   18.5185   -0.0183   -1.6432    0.0835   -0.0622  -0.85736477
   18.5252   -0.0294   -1.6315    0.0829   -0.1110  -0.85736477
   18.5333   -0.0424   -1.6115    0.0818   -0.1650  -0.85736454
   18.5447   -0.0607   -1.5739    0.0795   -0.2325  -0.85736477
   18.5556   -0.0776   -1.5309    0.0767   -0.2853  -0.85736454
   18.5662   -0.0936   -1.4852    0.0735   -0.3254  -0.85736454
   18.5774   -0.1099   -1.4352    0.0696   -0.3568  -0.85736465
   18.5896   -0.1270   -1.3802    0.0651   -0.3800  -0.85736477
   18.6035   -0.1458   -1.3188    0.0597   -0.3947  -0.85736465
   18.6202   -0.1673   -1.2486    0.0531   -0.3995  -0.85736454
   18.6380   -0.1889   -1.1790    0.0460   -0.3933  -0.85736471
   18.6561   -0.2096   -1.1136    0.0390   -0.3788  -0.85736465
   18.6749   -0.2299   -1.0511    0.0321   -0.3579  -0.85736448
   18.6944   -0.2498   -0.9909    0.0254   -0.3323  -0.85736459
   18.7147   -0.2693   -0.9328    0.0189   -0.3030  -0.85736454
   18.7358   -0.2884   -0.8763    0.0128   -0.2710  -0.85736454
   18.7576   -0.3069   -0.8215    0.0073   -0.2377  -0.85736454
   18.7799   -0.3246   -0.7685    0.0024   -0.2038  -0.85736459
   18.8021   -0.3412   -0.7179   -0.0018   -0.1708  -0.85736454
   18.8235   -0.3560   -0.6711   -0.0051   -0.1402  -0.85736454
   18.8454   -0.3702   -0.6248   -0.0078   -0.1104  -0.85736459
   18.8706   -0.3853   -0.5727   -0.0102   -0.0779  -0.85736454
   18.9011   -0.4018   -0.5116   -0.0120   -0.0418  -0.85736465
   18.9380   -0.4193   -0.4391   -0.0128   -0.0030  -0.85736459
   18.9869   -0.4385   -0.3450   -0.0119    0.0400  -0.85736459
   19.0304   -0.4517   -0.2624   -0.0095    0.0696  -0.85736459
   19.0742   -0.4614   -0.1799   -0.0059    0.0911  -0.85736454
   19.1149   -0.4672   -0.1035   -0.0019    0.1037  -0.85736454
   19.1480   -0.4696   -0.0417    0.0016    0.1085  -0.85736454
   19.1800   -0.4700    0.0181    0.0051    0.1086  -0.85736454
   19.2112   -0.4685    0.0762    0.0084    0.1044  -0.85736454
   19.2452   -0.4648    0.1398    0.0118    0.0949  -0.85736454
   19.2826   -0.4583    0.2096    0.0151    0.0787  -0.85736459
   19.3233   -0.4482    0.2856    0.0178    0.0542  -0.85736454
   19.3662   -0.4342    0.3666    0.0194    0.0206  -0.85736454
   19.4119   -0.4155    0.4537    0.0194   -0.0237  -0.85736454
   19.4631   -0.3897    0.5536    0.0167   -0.0832  -0.85736454
   19.5004   -0.3677    0.6289    0.0127   -0.1327  -0.85736448
   19.5313   -0.3472    0.6941    0.0079   -0.1771  -0.85736448
   19.5571   -0.3286    0.7511    0.0028   -0.2163  -0.85736442
   19.5785   -0.3120    0.8003   -0.0021   -0.2494  -0.85736442
   19.5995   -0.2947    0.8514   -0.0077   -0.2825  -0.85736436
   19.6185   -0.2780    0.9001   -0.0134   -0.3122  -0.85736436
   19.6379   -0.2600    0.9530   -0.0197   -0.3417  -0.85736442
   19.6578   -0.2406    1.0111   -0.0268   -0.3699  -0.85736448
   19.6775   -0.2199    1.0736   -0.0344   -0.3946  -0.85736448
   19.6969   -0.1985    1.1401   -0.0422   -0.4135  -0.85736442
   19.7157   -0.1764    1.2103   -0.0501   -0.4240  -0.85736442
   19.7340   -0.1536    1.2840   -0.0579   -0.4233  -0.85736430
   19.7522   -0.1296    1.3618   -0.0654   -0.4073  -0.85736436
   19.7653   -0.1113    1.4196   -0.0706   -0.3830  -0.85736418
   19.7775   -0.0937    1.4725   -0.0751   -0.3488  -0.85736418
   19.7898   -0.0753    1.5234   -0.0791   -0.3010  -0.85736406
   19.8013   -0.0575    1.5654   -0.0822   -0.2440  -0.85736418
   19.8127   -0.0394    1.5991   -0.0847   -0.1757  -0.85736442
   19.8241   -0.0210    1.6215   -0.0862   -0.0986  -0.85736442
   19.8329   -0.0068    1.6297   -0.0868   -0.0355  -0.85736418
   19.8405    0.0057    1.6299   -0.0869    0.0206  -0.85736442
   19.8481    0.0180    1.6238   -0.0865    0.0753  -0.85736442
   19.8554    0.0297    1.6122   -0.0858    0.1260  -0.85736430
   19.8638    0.0432    1.5925   -0.0845    0.1806  -0.85736454
   19.8751    0.0611    1.5572   -0.0821    0.2459  -0.85736442
   19.8871    0.0795    1.5119   -0.0788    0.3026  -0.85736418
   19.8983    0.0961    1.4654   -0.0751    0.3437  -0.85736430
   19.9099    0.1128    1.4150   -0.0710    0.3751  -0.85736442
   19.9225    0.1303    1.3597   -0.0661    0.3979  -0.85736436
   19.9368    0.1493    1.2987   -0.0603    0.4119  -0.85736442
   19.9540    0.1711    1.2283   -0.0531    0.4159  -0.85736442
   19.9723    0.1929    1.1589   -0.0456    0.4087  -0.85736424
   19.9908    0.2137    1.0939   -0.0381    0.3932  -0.85736430
   20.0000    0.2237    1.0635   -0.0346    0.3833  -0.85736436
