    0.0000    0.0000   -1.6800    0.0870    0.0000  -0.77461672
    0.0020   -0.0034   -1.6798    0.0870   -0.0147  -0.77461624
    0.0042   -0.0070   -1.6790    0.0869   -0.0302  -0.77461636
    0.0086   -0.0144   -1.6758    0.0867   -0.0615  -0.77461636
    0.0122   -0.0204   -1.6715    0.0865   -0.0870  -0.77461624
    0.0172   -0.0289   -1.6632    0.0859   -0.1216  -0.77461600
    0.0243   -0.0406   -1.6474    0.0849   -0.1673  -0.77461600
    0.0344   -0.0570   -1.6176    0.0829   -0.2260  -0.77461600
    0.0451   -0.0742   -1.5786    0.0802   -0.2785  -0.77461600
    0.0560   -0.0911   -1.5347    0.0770   -0.3204  -0.77461600
    0.0670   -0.1078   -1.4872    0.0732   -0.3524  -0.77461600
    0.0789   -0.1252   -1.4354    0.0689   -0.3759  -0.77461624
    0.0923   -0.1439   -1.3782    0.0638   -0.3909  -0.77461612
    0.1079   -0.1650   -1.3139    0.0576   -0.3966  -0.77461588
    0.1259   -0.1880   -1.2444    0.0505   -0.3912  -0.77461588
    0.1442   -0.2102   -1.1794    0.0434   -0.3766  -0.77461594
    0.1631   -0.2318   -1.1177    0.0365   -0.3551  -0.77461606
    0.1827   -0.2532   -1.0583    0.0298   -0.3283  -0.77461600
    0.2033   -0.2744   -1.0009    0.0234   -0.2974  -0.77461618
    0.2247   -0.2952   -0.9451    0.0174   -0.2635  -0.77461612
    0.2472   -0.3158   -0.8904    0.0118   -0.2274  -0.77461624
    0.2705   -0.3359   -0.8370    0.0070   -0.1902  -0.77461624
    0.2942   -0.3552   -0.7851    0.0029   -0.1530  -0.77461624
    0.3183   -0.3735   -0.7348   -0.0003   -0.1168  -0.77461630
    0.3418   -0.3902   -0.6874   -0.0027   -0.0831  -0.77461624
    0.3637   -0.4048   -0.6443   -0.0042   -0.0532  -0.77461636
    0.3895   -0.4207   -0.5946   -0.0051   -0.0203  -0.77461636
    0.4207   -0.4384   -0.5359   -0.0052    0.0162  -0.77461636
    0.4609   -0.4584   -0.4616   -0.0037    0.0576  -0.77461636
    0.4994   -0.4748   -0.3918   -0.0008    0.0909  -0.77461642
    0.5323   -0.4868   -0.3327    0.0026    0.1146  -0.77461642
    0.5646   -0.4966   -0.2751    0.0066    0.1335  -0.77461648
    0.5977   -0.5047   -0.2165    0.0113    0.1482  -0.77461642
    0.6345   -0.5115   -0.1519    0.0170    0.1591  -0.77461636
    0.6753   -0.5162   -0.0805    0.0236    0.1646  -0.77461642
    0.7194   -0.5181   -0.0043    0.0309    0.1626  -0.77461642
    0.7665   -0.5164    0.0762    0.0383    0.1514  -0.77461648
    0.8115   -0.5113    0.1522    0.0447    0.1321  -0.77461648
    0.8621   -0.5014    0.2365    0.0506    0.1004  -0.77461642
    0.9154   -0.4865    0.3241    0.0548    0.0556  -0.77461642
    0.9708   -0.4660    0.4142    0.0563   -0.0030  -0.77461648
    1.0289   -0.4392    0.5081    0.0541   -0.0772  -0.77461642
    1.0780   -0.4123    0.5883    0.0485   -0.1498  -0.77461642
    1.1210   -0.3855    0.6603    0.0406   -0.2199  -0.77461648
    1.1581   -0.3598    0.7253    0.0313   -0.2846  -0.77461636
    1.1895   -0.3361    0.7835    0.0214   -0.3417  -0.77461642
    1.2162   -0.3145    0.8362    0.0117   -0.3909  -0.77461636
    1.2385   -0.2953    0.8835    0.0025   -0.4317  -0.77461642
    1.2565   -0.2790    0.9243   -0.0056   -0.4639  -0.77461636
    1.2742   -0.2624    0.9668   -0.0140   -0.4937  -0.77461642
    1.2915   -0.2452    1.0116   -0.0228   -0.5206  -0.77461636
    1.3096   -0.2265    1.0620   -0.0325   -0.5451  -0.77461630
    1.3284   -0.2060    1.1185   -0.0429   -0.5645  -0.77461630
    1.3477   -0.1837    1.1812   -0.0540   -0.5754  -0.77461636
    1.3677   -0.1595    1.2499   -0.0655   -0.5731  -0.77461636
    1.3841   -0.1385    1.3082   -0.0748   -0.5578  -0.77461642
    1.4009   -0.1160    1.3669   -0.0839   -0.5268  -0.77461624
    1.4165   -0.0943    1.4175   -0.0918   -0.4826  -0.77461612
    1.4320   -0.0720    1.4605   -0.0988   -0.4239  -0.77461624
    1.4493   -0.0465    1.4953   -0.1055   -0.3442  -0.77461612
    1.4630   -0.0258    1.5107   -0.1097   -0.2735  -0.77461624
    1.4768   -0.0049    1.5142   -0.1130   -0.1999  -0.77461612
    1.4902    0.0154    1.5066   -0.1152   -0.1299  -0.77461624
    1.5045    0.0368    1.4879   -0.1165   -0.0600  -0.77461612
    1.5174    0.0558    1.4633   -0.1169   -0.0030  -0.77461624
    1.5284    0.0717    1.4379   -0.1167    0.0400  -0.77461624
    1.5398    0.0880    1.4080   -0.1160    0.0793  -0.77461612
    1.5519    0.1048    1.3741   -0.1149    0.1145  -0.77461630
    1.5651    0.1227    1.3351   -0.1131    0.1461  -0.77461636
    1.5795    0.1417    1.2915   -0.1108    0.1730  -0.77461630
    1.5956    0.1620    1.2428   -0.1079    0.1949  -0.77461630
    1.6137    0.1840    1.1886   -0.1042    0.2110  -0.77461636
    1.6348    0.2085    1.1275   -0.0996    0.2204  -0.77461630
    1.6604    0.2364    1.0571   -0.0939    0.2216  -0.77461642
    1.6886    0.2651    0.9844   -0.0878    0.2138  -0.77461648
    1.7180    0.2931    0.9135   -0.0817    0.1988  -0.77461648
    1.7491    0.3204    0.8437   -0.0758    0.1783  -0.77461648
    1.7823    0.3473    0.7740   -0.0703    0.1536  -0.77461642
    1.8179    0.3736    0.7038   -0.0653    0.1259  -0.77461648
    1.8563    0.3992    0.6323   -0.0611    0.0964  -0.77461648
    1.8981    0.4241    0.5585   -0.0577    0.0662  -0.77461642
    1.9440    0.4479    0.4811   -0.0553    0.0365  -0.77461642
    1.9953    0.4704    0.3982   -0.0542    0.0089  -0.77461642
    2.0521    0.4905    0.3099   -0.0544   -0.0140  -0.77461642
    2.1195    0.5080    0.2085   -0.0559   -0.0299  -0.77461648
    2.1934    0.5194    0.1012   -0.0583   -0.0326  -0.77461642
    2.2613    0.5230    0.0057   -0.0602   -0.0213  -0.77461636
    2.3168    0.5212   -0.0704   -0.0609   -0.0022  -0.77461642
    2.3708    0.5154   -0.1429   -0.0604    0.0246  -0.77461636
    2.4280    0.5051   -0.2182   -0.0579    0.0617  -0.77461636
    2.4921    0.4885   -0.3012   -0.0524    0.1134  -0.77461636
    2.5637    0.4636   -0.3933   -0.0419    0.1826  -0.77461630
    2.6136    0.4423   -0.4584   -0.0314    0.2371  -0.77461636
    2.6566    0.4214   -0.5158   -0.0201    0.2871  -0.77461642
    2.6933    0.4015   -0.5666   -0.0088    0.3312  -0.77461636
    2.7239    0.3836   -0.6105    0.0019    0.3681  -0.77461636
    2.7494    0.3675   -0.6489    0.0117    0.3985  -0.77461642
    2.7743    0.3509   -0.6879    0.0220    0.4271  -0.77461642
    2.8008    0.3321   -0.7317    0.0337    0.4557  -0.77461636
    2.8288    0.3109   -0.7807    0.0468    0.4827  -0.77461642
    2.8582    0.2872   -0.8353    0.0613    0.5055  -0.77461648
    2.8886    0.2609   -0.8954    0.0770    0.5208  -0.77461648
    2.9206    0.2312   -0.9619    0.0937    0.5243  -0.77461642
    2.9476    0.2044   -1.0194    0.1078    0.5143  -0.77461636
    2.9749    0.1758   -1.0766    0.1215    0.4898  -0.77461642
    3.0008    0.1472   -1.1276    0.1338    0.4518  -0.77461648
    3.0273    0.1167   -1.1731    0.1450    0.3982  -0.77461660
    3.0572    0.0810   -1.2124    0.1558    0.3219  -0.77461654
    3.0812    0.0516   -1.2323    0.1628    0.2518  -0.77461654
    3.1058    0.0212   -1.2408    0.1680    0.1757  -0.77461660
    3.1289   -0.0075   -1.2377    0.1712    0.1038  -0.77461660
    3.1517   -0.0355   -1.2248    0.1728    0.0355  -0.77461660
    3.1758   -0.0648   -1.2019    0.1729   -0.0314  -0.77461672
    3.1984   -0.0917   -1.1733    0.1715   -0.0878  -0.77461660
    3.2226   -0.1196   -1.1369    0.1687   -0.1398  -0.77461666
    3.2458   -0.1455   -1.0980    0.1650   -0.1816  -0.77461660
    3.2702   -0.1718   -1.0542    0.1601   -0.2171  -0.77461666
    3.2959   -0.1983   -1.0066    0.1541   -0.2456  -0.77461666
    3.3232   -0.2251   -0.9552    0.1471   -0.2671  -0.77461660
    3.3532   -0.2529   -0.8993    0.1389   -0.2817  -0.77461666
    3.3860   -0.2814   -0.8396    0.1295   -0.2888  -0.77461660
    3.4231   -0.3113   -0.7748    0.1188   -0.2881  -0.77461666
    3.4655   -0.3427   -0.7042    0.1067   -0.2791  -0.77461660
    3.5090   -0.3718   -0.6360    0.0949   -0.2640  -0.77461672
    3.5536   -0.3987   -0.5696    0.0835   -0.2447  -0.77461666
    3.5999   -0.4235   -0.5043    0.0727   -0.2228  -0.77461666
    3.6483   -0.4463   -0.4390    0.0625   -0.1998  -0.77461672
    3.6991   -0.4670   -0.3734    0.0529   -0.1769  -0.77461666
    3.7527   -0.4852   -0.3064    0.0440   -0.1555  -0.77461672
    3.8096   -0.5006   -0.2372    0.0357   -0.1366  -0.77461660
    3.8708   -0.5129   -0.1645    0.0278   -0.1218  -0.77461660
    3.9381   -0.5213   -0.0859    0.0200   -0.1127  -0.77461654
    4.0142   -0.5245    0.0019    0.0115   -0.1119  -0.77461660
    4.0742   -0.5223    0.0710    0.0046   -0.1186  -0.77461654
    4.1334   -0.5161    0.1390   -0.0027   -0.1313  -0.77461660
    4.1911   -0.5062    0.2057   -0.0108   -0.1492  -0.77461654
    4.2479   -0.4926    0.2723   -0.0199   -0.1719  -0.77461648
    4.3028   -0.4759    0.3378   -0.0300   -0.1977  -0.77461660
    4.3557   -0.4563    0.4027   -0.0412   -0.2253  -0.77461660
    4.4065   -0.4342    0.4673   -0.0534   -0.2534  -0.77461660
    4.4556   -0.4097    0.5326   -0.0665   -0.2805  -0.77461660
    4.5030   -0.3829    0.5989   -0.0804   -0.3050  -0.77461660
    4.5490   -0.3537    0.6669   -0.0949   -0.3248  -0.77461660
    4.5940   -0.3222    0.7373   -0.1098   -0.3378  -0.77461666
    4.6382   -0.2880    0.8103   -0.1248   -0.3412  -0.77461672
    4.6745   -0.2575    0.8727   -0.1371   -0.3343  -0.77461666
    4.7117   -0.2238    0.9379   -0.1493   -0.3153  -0.77461660
    4.7453   -0.1913    0.9963   -0.1594   -0.2857  -0.77461678
    4.7762   -0.1597    1.0480   -0.1677   -0.2467  -0.77461672
    4.8057   -0.1282    1.0934   -0.1742   -0.1980  -0.77461660
    4.8345   -0.0961    1.1321   -0.1791   -0.1396  -0.77461660
    4.8644   -0.0617    1.1639   -0.1823   -0.0688  -0.77461654
    4.8907   -0.0308    1.1828   -0.1832    0.0003  -0.77461660
    4.9101   -0.0078    1.1904   -0.1826    0.0542  -0.77461654
    4.9295    0.0154    1.1923   -0.1811    0.1092  -0.77461642
    4.9498    0.0395    1.1877   -0.1783    0.1664  -0.77461642
    4.9717    0.0654    1.1755   -0.1740    0.2262  -0.77461642
    4.9953    0.0929    1.1542   -0.1679    0.2863  -0.77461630
    5.0225    0.1238    1.1205   -0.1593    0.3472  -0.77461636
    5.0569    0.1616    1.0668   -0.1462    0.4086  -0.77461630
    5.0887    0.1946    1.0102   -0.1325    0.4480  -0.77461636
    5.1178    0.2232    0.9554   -0.1191    0.4697  -0.77461630
    5.1475    0.2507    0.8992   -0.1050    0.4791  -0.77461642
    5.1789    0.2781    0.8407   -0.0900    0.4773  -0.77461630
    5.2135    0.3060    0.7790   -0.0737    0.4643  -0.77461624
    5.2499    0.3332    0.7179   -0.0572    0.4414  -0.77461630
    5.2857    0.3579    0.6612   -0.0419    0.4126  -0.77461636
    5.3210    0.3804    0.6085   -0.0279    0.3804  -0.77461630
    5.3563    0.4009    0.5587   -0.0151    0.3462  -0.77461630
    5.3911    0.4195    0.5116   -0.0036    0.3116  -0.77461636
    5.4248    0.4360    0.4675    0.0063    0.2783  -0.77461630
    5.4560    0.4500    0.4277    0.0145    0.2481  -0.77461630
    5.4887    0.4633    0.3867    0.0222    0.2176  -0.77461630
    5.5266    0.4771    0.3398    0.0298    0.1841  -0.77461630
    5.5713    0.4910    0.2851    0.0372    0.1478  -0.77461630
    5.6240    0.5044    0.2205    0.0439    0.1100  -0.77461630
    5.6880    0.5160    0.1414    0.0497    0.0721  -0.77461630
    5.7660    0.5232    0.0432    0.0539    0.0387  -0.77461630
    5.8285    0.5234   -0.0372    0.0558    0.0226  -0.77461630
    5.8893    0.5187   -0.1174    0.0569    0.0161  -0.77461636
    5.9475    0.5096   -0.1961    0.0579    0.0184  -0.77461636
    6.0020    0.4968   -0.2718    0.0591    0.0279  -0.77461630
    6.0617    0.4781   -0.3574    0.0613    0.0460  -0.77461630
    6.1187    0.4553   -0.4425    0.0646    0.0703  -0.77461636
    6.1736    0.4286   -0.5284    0.0692    0.0991  -0.77461636
    6.2245    0.3996   -0.6123    0.0750    0.1291  -0.77461630
    6.2716    0.3689   -0.6951    0.0818    0.1578  -0.77461624
    6.3157    0.3364   -0.7781    0.0893    0.1834  -0.77461624
    6.3566    0.3029   -0.8612    0.0972    0.2031  -0.77461624
    6.3945    0.2687   -0.9442    0.1051    0.2145  -0.77461618
    6.4299    0.2338   -1.0277    0.1128    0.2151  -0.77461624
    6.4565    0.2056   -1.0941    0.1184    0.2060  -0.77461624
    6.4793    0.1800   -1.1526    0.1229    0.1893  -0.77461630
    6.4994    0.1563   -1.2052    0.1265    0.1659  -0.77461618
    6.5178    0.1337   -1.2530    0.1293    0.1361  -0.77461630
    6.5345    0.1124   -1.2952    0.1313    0.1009  -0.77461618
    6.5515    0.0900   -1.3355    0.1327    0.0566  -0.77461618
    6.5670    0.0691   -1.3685    0.1332    0.0083  -0.77461624
    6.5815    0.0491   -1.3948    0.1329   -0.0436  -0.77461636
    6.5951    0.0299   -1.4141    0.1320   -0.0978  -0.77461624
    6.6135    0.0038   -1.4298    0.1295   -0.1773  -0.77461636
    6.6287   -0.0181   -1.4323    0.1262   -0.2466  -0.77461636
    6.6441   -0.0400   -1.4241    0.1219   -0.3158  -0.77461612
    6.6592   -0.0614   -1.4057    0.1166   -0.3806  -0.77461612
    6.6750   -0.0835   -1.3762    0.1101   -0.4415  -0.77461612
    6.6940   -0.1091   -1.3302    0.1012   -0.5012  -0.77461612
    6.7122   -0.1329   -1.2783    0.0916   -0.5432  -0.77461600
    6.7307   -0.1560   -1.2221    0.0813   -0.5700  -0.77461594
    6.7491   -0.1780   -1.1651    0.0707   -0.5825  -0.77461606
    6.7689   -0.2005   -1.1055    0.0591   -0.5827  -0.77461606
    6.7915   -0.2247   -1.0413    0.0460   -0.5700  -0.77461594
    6.8146   -0.2480   -0.9806    0.0332   -0.5467  -0.77461600
    6.8370   -0.2694   -0.9261    0.0212   -0.5172  -0.77461600
    6.8592   -0.2894   -0.8765    0.0101   -0.4837  -0.77461588
    6.8810   -0.3080   -0.8311   -0.0000   -0.4483  -0.77461600
    6.8997   -0.3232   -0.7944   -0.0082   -0.4167  -0.77461594
    6.9181   -0.3374   -0.7602   -0.0155   -0.3854  -0.77461600
    6.9388   -0.3529   -0.7232   -0.0231   -0.3498  -0.77461606
    6.9636   -0.3702   -0.6810   -0.0313   -0.3078  -0.77461600
    6.9926   -0.3893   -0.6336   -0.0395   -0.2598  -0.77461600
    7.0265   -0.4099   -0.5801   -0.0474   -0.2060  -0.77461600
    7.0659   -0.4315   -0.5195   -0.0543   -0.1475  -0.77461594
    7.1125   -0.4541   -0.4489   -0.0597   -0.0844  -0.77461600
    7.1693   -0.4771   -0.3628   -0.0626   -0.0174  -0.77461594
    7.2288   -0.4960   -0.2716   -0.0618    0.0404  -0.77461594
    7.2885   -0.5094   -0.1784   -0.0580    0.0853  -0.77461594
    7.3467   -0.5171   -0.0855   -0.0521    0.1161  -0.77461588
    7.4058   -0.5194    0.0108   -0.0446    0.1340  -0.77461588
    7.4628   -0.5160    0.1056   -0.0368    0.1384  -0.77461594
    7.5145   -0.5083    0.1929   -0.0298    0.1314  -0.77461594
    7.5672   -0.4958    0.2835   -0.0233    0.1134  -0.77461588
    7.6186   -0.4789    0.3734   -0.0181    0.0855  -0.77461594
    7.6685   -0.4580    0.4627   -0.0147    0.0487  -0.77461594
    7.7190   -0.4324    0.5554   -0.0134    0.0021  -0.77461588
    7.7555   -0.4108    0.6248   -0.0140   -0.0371  -0.77461594
    7.7910   -0.3875    0.6947   -0.0161   -0.0793  -0.77461594
    7.8235   -0.3638    0.7616   -0.0193   -0.1209  -0.77461582
    7.8558   -0.3380    0.8320   -0.0239   -0.1643  -0.77461600
    7.8856   -0.3122    0.9012   -0.0294   -0.2052  -0.77461594
    7.9132   -0.2864    0.9704   -0.0356   -0.2426  -0.77461582
    7.9390   -0.2604    1.0403   -0.0423   -0.2753  -0.77461582
    7.9632   -0.2345    1.1117   -0.0493   -0.3019  -0.77461600
    7.9858   -0.2085    1.1849   -0.0564   -0.3205  -0.77461606
    8.0071   -0.1824    1.2600   -0.0633   -0.3292  -0.77461594
    8.0275   -0.1561    1.3373   -0.0700   -0.3252  -0.77461600
    8.0432   -0.1346    1.4004   -0.0750   -0.3104  -0.77461588
    8.0565   -0.1155    1.4554   -0.0790   -0.2872  -0.77461600
    8.0686   -0.0976    1.5050   -0.0823   -0.2559  -0.77461600
    8.0811   -0.0786    1.5537   -0.0852   -0.2121  -0.77461600
    8.0923   -0.0608    1.5936   -0.0873   -0.1614  -0.77461624
    8.1031   -0.0435    1.6257   -0.0887   -0.1031  -0.77461600
    8.1142   -0.0253    1.6501   -0.0895   -0.0337  -0.77461576
    8.1225   -0.0115    1.6609   -0.0896    0.0222  -0.77461600
    8.1300    0.0009    1.6645   -0.0892    0.0745  -0.77461588
    8.1373    0.0131    1.6622   -0.0885    0.1259  -0.77461600
    8.1451    0.0260    1.6533   -0.0873    0.1794  -0.77461600
    8.1539    0.0405    1.6360   -0.0855    0.2364  -0.77461600
    8.1644    0.0574    1.6065   -0.0827    0.2973  -0.77461576
    8.1758    0.0757    1.5657   -0.0789    0.3531  -0.77461576
    8.1877    0.0939    1.5176   -0.0744    0.3979  -0.77461588
    8.1993    0.1112    1.4678   -0.0696    0.4292  -0.77461576
    8.2116    0.1289    1.4140   -0.0642    0.4506  -0.77461576
    8.2252    0.1478    1.3555   -0.0580    0.4624  -0.77461588
    8.2414    0.1692    1.2895   -0.0505    0.4636  -0.77461582
    8.2591    0.1914    1.2224   -0.0424    0.4533  -0.77461594
    8.2768    0.2125    1.1604   -0.0345    0.4347  -0.77461588
    8.2949    0.2330    1.1022   -0.0268    0.4099  -0.77461594
    8.3136    0.2531    1.0468   -0.0194    0.3805  -0.77461594
    8.3328    0.2727    0.9940   -0.0124    0.3477  -0.77461588
    8.3526    0.2918    0.9435   -0.0059    0.3128  -0.77461588
    8.3726    0.3102    0.8956   -0.0000    0.2770  -0.77461588
    8.3921    0.3273    0.8511    0.0051    0.2421  -0.77461600
    8.4098    0.3420    0.8126    0.0091    0.2111  -0.77461588
    8.4303    0.3582    0.7697    0.0131    0.1760  -0.77461588
    8.4546    0.3763    0.7207    0.0168    0.1360  -0.77461594
    8.4833    0.3962    0.6647    0.0201    0.0913  -0.77461594
    8.5175    0.4178    0.6000    0.0224    0.0419  -0.77461588
    8.5587    0.4409    0.5240    0.0230   -0.0112  -0.77461594
    8.6143    0.4673    0.4230    0.0206   -0.0720  -0.77461594
    8.6626    0.4856    0.3363    0.0161   -0.1138  -0.77461588
    8.7109    0.4998    0.2500    0.0098   -0.1455  -0.77461588
    8.7558    0.5092    0.1700    0.0027   -0.1659  -0.77461588
    8.7923    0.5142    0.1051   -0.0035   -0.1758  -0.77461582
    8.8277    0.5168    0.0423   -0.0098   -0.1799  -0.77461582
    8.8631    0.5172   -0.0202   -0.0162   -0.1785  -0.77461588
    8.9018    0.5151   -0.0883   -0.0230   -0.1706  -0.77461588
    8.9439    0.5098   -0.1619   -0.0298   -0.1546  -0.77461588
    8.9897    0.5006   -0.2415   -0.0364   -0.1284  -0.77461582
    9.0383    0.4868   -0.3252   -0.0417   -0.0908  -0.77461582
    9.0890    0.4681   -0.4122   -0.0451   -0.0406  -0.77461582
    9.1421    0.4438   -0.5030   -0.0456    0.0233  -0.77461582
    9.1991    0.4123   -0.6017   -0.0420    0.1048  -0.77461582
    9.2419    0.3850   -0.6779   -0.0361    0.1740  -0.77461582
    9.2791    0.3585   -0.7469   -0.0284    0.2391  -0.77461582
    9.3103    0.3342   -0.8081   -0.0201    0.2966  -0.77461582
    9.3367    0.3122   -0.8633   -0.0116    0.3465  -0.77461582
    9.3588    0.2926   -0.9127   -0.0035    0.3884  -0.77461588
    9.3769    0.2757   -0.9557    0.0039    0.4220  -0.77461582
    9.3948    0.2582   -1.0014    0.0117    0.4541  -0.77461582
    9.4114    0.2412   -1.0470    0.0195    0.4821  -0.77461588
    9.4287    0.2226   -1.0981    0.0281    0.5080  -0.77461588
    9.4464    0.2027   -1.1547    0.0373    0.5295  -0.77461588
    9.4644    0.1813   -1.2171    0.0469    0.5436  -0.77461588
    9.4825    0.1587   -1.2844    0.0568    0.5465  -0.77461582
    9.4984    0.1378   -1.3468    0.0654    0.5364  -0.77461600
    9.5126    0.1182   -1.4034    0.0729    0.5144  -0.77461600
    9.5272    0.0974   -1.4594    0.0802    0.4769  -0.77461600
    9.5407    0.0773   -1.5069    0.0863    0.4274  -0.77461612
    9.5544    0.0564   -1.5465    0.0917    0.3633  -0.77461612
    9.5680    0.0352   -1.5739    0.0962    0.2884  -0.77461624
    9.5797    0.0167   -1.5860    0.0991    0.2184  -0.77461600
    9.5913   -0.0018   -1.5869    0.1013    0.1475  -0.77461600
    9.6027   -0.0198   -1.5774    0.1026    0.0798  -0.77461600
    9.6148   -0.0388   -1.5573    0.1031    0.0128  -0.77461588
    9.6248   -0.0543   -1.5344    0.1030   -0.0371  -0.77461588
    9.6352   -0.0700   -1.5061    0.1024   -0.0828  -0.77461588
    9.6460   -0.0862   -1.4728    0.1012   -0.1237  -0.77461565
    9.6573   -0.1026   -1.4354    0.0996   -0.1590  -0.77461565
    9.6696   -0.1199   -1.3933    0.0975   -0.1894  -0.77461582
    9.6832   -0.1385   -1.3458    0.0947   -0.2147  -0.77461582
    9.6982   -0.1584   -1.2934    0.0913   -0.2336  -0.77461576
    9.7158   -0.1806   -1.2343    0.0871   -0.2459  -0.77461588
    9.7373   -0.2064   -1.1651    0.0818   -0.2499  -0.77461571
    9.7612   -0.2334   -1.0930    0.0758   -0.2441  -0.77461582
    9.7861   -0.2597   -1.0234    0.0699   -0.2302  -0.77461582
    9.8122   -0.2856   -0.9554    0.0642   -0.2100  -0.77461582
    9.8401   -0.3112   -0.8881    0.0587   -0.1849  -0.77461582
    9.8698   -0.3366   -0.8209    0.0536   -0.1560  -0.77461582
    9.9018   -0.3617   -0.7531    0.0491   -0.1243  -0.77461588
    9.9363   -0.3865   -0.6840    0.0454   -0.0907  -0.77461582
    9.9739   -0.4109   -0.6126    0.0427   -0.0562  -0.77461582
   10.0152   -0.4347   -0.5374    0.0411   -0.0217  -0.77461582
   10.0617   -0.4577   -0.4563    0.0408    0.0117  -0.77461582
   10.1149   -0.4796   -0.3666    0.0423    0.0423  -0.77461582
   10.1872   -0.5018   -0.2491    0.0465    0.0696  -0.77461582
   10.2555   -0.5152   -0.1417    0.0517    0.0798  -0.77461588
   10.3172   -0.5210   -0.0474    0.0565    0.0758  -0.77461582
   10.3778   -0.5211    0.0429    0.0607    0.0596  -0.77461576
   10.4356   -0.5162    0.1269    0.0634    0.0330  -0.77461576
   10.4913   -0.5069    0.2061    0.0643   -0.0027  -0.77461582
   10.5532   -0.4915    0.2922    0.0626   -0.0536  -0.77461582
   10.6143   -0.4710    0.3760    0.0575   -0.1149  -0.77461576
   10.6759   -0.4453    0.4602    0.0483   -0.1869  -0.77461576
   10.7237   -0.4217    0.5268    0.0379   -0.2488  -0.77461576
   10.7648   -0.3989    0.5857    0.0265   -0.3052  -0.77461565
   10.7997   -0.3775    0.6382    0.0150   -0.3547  -0.77461576
   10.8293   -0.3579    0.6849    0.0039   -0.3968  -0.77461571
   10.8536   -0.3408    0.7253   -0.0062   -0.4307  -0.77461565
   10.8775   -0.3230    0.7674   -0.0169   -0.4628  -0.77461571
   10.9005   -0.3049    0.8101   -0.0278   -0.4915  -0.77461571
   10.9247   -0.2847    0.8581   -0.0401   -0.5183  -0.77461565
   10.9501   -0.2622    0.9119   -0.0535   -0.5409  -0.77461571
   10.9763   -0.2375    0.9714   -0.0679   -0.5558  -0.77461565
   11.0040   -0.2097    1.0375   -0.0834   -0.5587  -0.77461582
   11.0275   -0.1846    1.0951   -0.0964   -0.5479  -0.77461576
   11.0513   -0.1579    1.1524   -0.1092   -0.5221  -0.77461576
   11.0739   -0.1312    1.2032   -0.1206   -0.4824  -0.77461576
   11.0970   -0.1030    1.2478   -0.1311   -0.4270  -0.77461576
   11.1229   -0.0702    1.2851   -0.1412   -0.3492  -0.77461571
   11.1437   -0.0432    1.3029   -0.1477   -0.2785  -0.77461576
   11.1648   -0.0157    1.3088   -0.1528   -0.2035  -0.77461582
   11.1851    0.0109    1.3033   -0.1562   -0.1315  -0.77461588
   11.2062    0.0383    1.2869   -0.1582   -0.0606  -0.77461594
   11.2297    0.0682    1.2581   -0.1588    0.0108  -0.77461588
   11.2470    0.0897    1.2313   -0.1582    0.0572  -0.77461582
   11.2662    0.1131    1.1973   -0.1566    0.1023  -0.77461594
   11.2852    0.1355    1.1608   -0.1543    0.1398  -0.77461600
   11.3059    0.1591    1.1188   -0.1511    0.1730  -0.77461594
   11.3279    0.1832    1.0728   -0.1470    0.2005  -0.77461594
   11.3519    0.2083    1.0225   -0.1419    0.2221  -0.77461600
   11.3783    0.2346    0.9675   -0.1358    0.2374  -0.77461594
   11.4076    0.2620    0.9081   -0.1287    0.2460  -0.77461594
   11.4409    0.2912    0.8432   -0.1204    0.2473  -0.77461594
   11.4804    0.3231    0.7703   -0.1108    0.2405  -0.77461600
   11.5211    0.3530    0.6995   -0.1013    0.2272  -0.77461600
   11.5635    0.3811    0.6301   -0.0920    0.2094  -0.77461588
   11.6081    0.4077    0.5612   -0.0831    0.1886  -0.77461600
   11.6551    0.4324    0.4921   -0.0748    0.1664  -0.77461594
   11.7051    0.4553    0.4219   -0.0670    0.1441  -0.77461594
   11.7588    0.4760    0.3497   -0.0599    0.1230  -0.77461594
   11.8169    0.4941    0.2743   -0.0533    0.1047  -0.77461594
   11.8810    0.5091    0.1937   -0.0470    0.0911  -0.77461588
   11.9548    0.5200    0.1033   -0.0406    0.0847  -0.77461588
   12.0324    0.5244    0.0105   -0.0339    0.0894  -0.77461588
   12.0934    0.5229   -0.0614   -0.0282    0.1013  -0.77461582
   12.1527    0.5172   -0.1307   -0.0216    0.1197  -0.77461588
   12.2172    0.5063   -0.2058   -0.0131    0.1469  -0.77461588
   12.2743    0.4927   -0.2725   -0.0039    0.1768  -0.77461588
   12.3185    0.4794   -0.3249    0.0045    0.2032  -0.77461588
   12.3621    0.4642   -0.3773    0.0140    0.2313  -0.77461588
   12.4020    0.4481   -0.4264    0.0238    0.2586  -0.77461582
   12.4428    0.4297   -0.4781    0.0349    0.2871  -0.77461588
   12.4845    0.4086   -0.5330    0.0475    0.3160  -0.77461582
   12.5266    0.3850   -0.5909    0.0614    0.3436  -0.77461582
   12.5686    0.3589   -0.6518    0.0763    0.3678  -0.77461588
   12.6101    0.3306   -0.7154    0.0920    0.3863  -0.77461588
   12.6516    0.2994   -0.7826    0.1083    0.3965  -0.77461576
   12.6894    0.2686   -0.8465    0.1233    0.3957  -0.77461582
   12.7236    0.2387   -0.9055    0.1366    0.3843  -0.77461582
   12.7581    0.2064   -0.9650    0.1495    0.3602  -0.77461576
   12.7903    0.1745   -1.0186    0.1606    0.3248  -0.77461571
   12.8212    0.1423   -1.0661    0.1699    0.2784  -0.77461582
   12.8521    0.1087   -1.1073    0.1777    0.2197  -0.77461576
   12.8856    0.0710   -1.1419    0.1838    0.1440  -0.77461582
   12.9129    0.0395   -1.1605    0.1868    0.0750  -0.77461582
   12.9362    0.0124   -1.1685    0.1878    0.0130  -0.77461594
   12.9557   -0.0105   -1.1694    0.1876   -0.0400  -0.77461571
   12.9750   -0.0330   -1.1648    0.1863   -0.0919  -0.77461582
   12.9951   -0.0563   -1.1546    0.1839   -0.1445  -0.77461576
   13.0173   -0.0818   -1.1372    0.1801   -0.1993  -0.77461571
   13.0441   -0.1118   -1.1084    0.1739   -0.2592  -0.77461565
   13.0778   -0.1485   -1.0626    0.1641   -0.3225  -0.77461576
   13.1118   -0.1836   -1.0087    0.1523   -0.3707  -0.77461588
   13.1425   -0.2138   -0.9561    0.1404   -0.4009  -0.77461576
   13.1734   -0.2426   -0.9016    0.1277   -0.4192  -0.77461588
   13.2057   -0.2708   -0.8449    0.1140   -0.4270  -0.77461600
   13.2405   -0.2991   -0.7854    0.0991   -0.4246  -0.77461588
   13.2792   -0.3283   -0.7218    0.0829   -0.4118  -0.77461600
   13.3191   -0.3558   -0.6599    0.0669   -0.3906  -0.77461594
   13.3588   -0.3809   -0.6016    0.0519   -0.3641  -0.77461594
   13.3986   -0.4037   -0.5463    0.0380   -0.3344  -0.77461588
   13.4385   -0.4244   -0.4932    0.0253   -0.3030  -0.77461594
   13.4786   -0.4432   -0.4420    0.0137   -0.2711  -0.77461588
   13.5187   -0.4599   -0.3922    0.0035   -0.2399  -0.77461594
   13.5581   -0.4744   -0.3445   -0.0054   -0.2107  -0.77461600
   13.5946   -0.4862   -0.3008   -0.0126   -0.1853  -0.77461600
   13.6329   -0.4968   -0.2554   -0.0192   -0.1607  -0.77461600
   13.6779   -0.5071   -0.2022   -0.0258   -0.1348  -0.77461600
   13.7319   -0.5163   -0.1384   -0.0324   -0.1087  -0.77461594
   13.7987   -0.5229   -0.0589   -0.0388   -0.0843  -0.77461600
   13.8726   -0.5240    0.0305   -0.0443   -0.0679  -0.77461600
   13.9392   -0.5192    0.1127   -0.0486   -0.0630  -0.77461600
   14.0010   -0.5099    0.1907   -0.0526   -0.0668  -0.77461606
   14.0669   -0.4945    0.2764   -0.0574   -0.0793  -0.77461600
   14.1354   -0.4724    0.3686   -0.0635   -0.1007  -0.77461600
   14.1996   -0.4459    0.4592   -0.0708   -0.1274  -0.77461606
   14.2589   -0.4160    0.5476   -0.0792   -0.1560  -0.77461600
   14.3126   -0.3843    0.6328   -0.0883   -0.1830  -0.77461600
   14.3612   -0.3516    0.7153   -0.0978   -0.2059  -0.77461606
   14.4061   -0.3177    0.7969   -0.1074   -0.2226  -0.77461612
   14.4479   -0.2827    0.8787   -0.1169   -0.2311  -0.77461612
   14.4876   -0.2462    0.9614   -0.1261   -0.2287  -0.77461594
   14.5159   -0.2181    1.0234   -0.1324   -0.2178  -0.77461606
   14.5414   -0.1913    1.0806   -0.1378   -0.1994  -0.77461612
   14.5646   -0.1656    1.1330   -0.1421   -0.1739  -0.77461606
   14.5858   -0.1411    1.1802   -0.1455   -0.1421  -0.77461600
   14.6072   -0.1153    1.2260   -0.1481   -0.1004  -0.77461594
   14.6267   -0.0910    1.2644   -0.1496   -0.0538  -0.77461594
   14.6450   -0.0676    1.2960   -0.1501   -0.0023  -0.77461606
   14.6621   -0.0452    1.3205   -0.1497    0.0527  -0.77461606
   14.6787   -0.0232    1.3380   -0.1483    0.1109  -0.77461600
   14.7003    0.0059    1.3496   -0.1451    0.1923  -0.77461594
   14.7199    0.0323    1.3477   -0.1406    0.2681  -0.77461594
   14.7377    0.0562    1.3351   -0.1352    0.3353  -0.77461588
   14.7556    0.0800    1.3123   -0.1286    0.3982  -0.77461582
   14.7751    0.1052    1.2774   -0.1203    0.4576  -0.77461600
   14.8000    0.1364    1.2212   -0.1081    0.5162  -0.77461600
   14.8231    0.1639    1.1623   -0.0957    0.5513  -0.77461600
   14.8443    0.1879    1.1061   -0.0838    0.5683  -0.77461600
   14.8662    0.2116    1.0484   -0.0713    0.5723  -0.77461612
   14.8904    0.2362    0.9873   -0.0575    0.5639  -0.77461624
   14.9172    0.2618    0.9239   -0.0427    0.5429  -0.77461624
   14.9432    0.2850    0.8671   -0.0289    0.5142  -0.77461624
   14.9685    0.3063    0.8158   -0.0163    0.4811  -0.77461630
   14.9934    0.3260    0.7690   -0.0048    0.4456  -0.77461630
   15.0175    0.3440    0.7263    0.0055    0.4095  -0.77461630
   15.0399    0.3599    0.6886    0.0143    0.3751  -0.77461636
   15.0628    0.3752    0.6518    0.0225    0.3401  -0.77461636
   15.0892    0.3919    0.6110    0.0309    0.3001  -0.77461630
   15.1202    0.4101    0.5647    0.0395    0.2543  -0.77461642
   15.1561    0.4295    0.5124    0.0477    0.2035  -0.77461636
   15.1980    0.4497    0.4527    0.0551    0.1483  -0.77461636
   15.2471    0.4702    0.3833    0.0609    0.0896  -0.77461642
   15.3077    0.4908    0.2972    0.0644    0.0272  -0.77461636
   15.3695    0.5064    0.2078    0.0644   -0.0244  -0.77461636
   15.4311    0.5164    0.1166    0.0616   -0.0631  -0.77461636
   15.4889    0.5206    0.0290    0.0572   -0.0876  -0.77461636
   15.5504    0.5195   -0.0665    0.0514   -0.1009  -0.77461642
   15.6060    0.5134   -0.1548    0.0457   -0.1014  -0.77461636
   15.6615    0.5023   -0.2450    0.0403   -0.0911  -0.77461642
   15.7190    0.4854   -0.3408    0.0356   -0.0690  -0.77461636
   15.7767    0.4629   -0.4398    0.0326   -0.0354  -0.77461636
   15.8283    0.4379   -0.5313    0.0317    0.0038  -0.77461642
   15.8652    0.4170   -0.5992    0.0325    0.0367  -0.77461636
   15.9031    0.3930   -0.6717    0.0346    0.0743  -0.77461636
   15.9393    0.3673   -0.7445    0.0379    0.1129  -0.77461636
   15.9765    0.3383   -0.8238    0.0429    0.1543  -0.77461636
   16.0104    0.3090   -0.9020    0.0488    0.1921  -0.77461630
   16.0413    0.2799   -0.9790    0.0552    0.2244  -0.77461636
   16.0696    0.2511   -1.0560    0.0620    0.2499  -0.77461630
   16.0958    0.2225   -1.1336    0.0687    0.2668  -0.77461642
   16.1203    0.1938   -1.2124    0.0754    0.2732  -0.77461624
   16.1434    0.1648   -1.2927    0.0816    0.2663  -0.77461624
   16.1598    0.1432   -1.3524    0.0859    0.2508  -0.77461606
   16.1742    0.1232   -1.4065    0.0893    0.2272  -0.77461612
   16.1873    0.1045   -1.4551    0.0921    0.1964  -0.77461612
   16.1994    0.0867   -1.4983    0.0943    0.1588  -0.77461624
   16.2115    0.0683   -1.5386    0.0959    0.1112  -0.77461624
   16.2228    0.0507   -1.5713    0.0969    0.0578  -0.77461612
   16.2338    0.0333   -1.5966    0.0972   -0.0020  -0.77461636
   16.2445    0.0161   -1.6134    0.0968   -0.0666  -0.77461624
   16.2541    0.0007   -1.6203    0.0959   -0.1274  -0.77461612
   16.2636   -0.0148   -1.6189    0.0944   -0.1893  -0.77461636
   16.2731   -0.0302   -1.6090    0.0923   -0.2501  -0.77461624
   16.2832   -0.0463   -1.5900    0.0895   -0.3103  -0.77461624
   16.2947   -0.0644   -1.5587    0.0856   -0.3717  -0.77461636
   16.3077   -0.0844   -1.5139    0.0803   -0.4286  -0.77461636
   16.3211   -0.1043   -1.4616    0.0743   -0.4721  -0.77461624
   16.3338   -0.1226   -1.4091    0.0681   -0.4999  -0.77461636
   16.3472   -0.1411   -1.3533    0.0613   -0.5167  -0.77461612
   16.3623   -0.1610   -1.2927    0.0534   -0.5228  -0.77461612
   16.3802   -0.1836   -1.2242    0.0441   -0.5167  -0.77461612
   16.3984   -0.2052   -1.1606    0.0348   -0.5001  -0.77461612
   16.4164   -0.2256   -1.1025    0.0260   -0.4764  -0.77461624
   16.4347   -0.2453   -1.0482    0.0176   -0.4476  -0.77461618
   16.4533   -0.2643   -0.9974    0.0095   -0.4153  -0.77461618
   16.4721   -0.2826   -0.9497    0.0021   -0.3809  -0.77461612
   16.4906   -0.2998   -0.9055   -0.0047   -0.3461  -0.77461612
   16.5080   -0.3152   -0.8663   -0.0104   -0.3132  -0.77461612
   16.5268   -0.3311   -0.8261   -0.0160   -0.2781  -0.77461618
   16.5487   -0.3487   -0.7811   -0.0216   -0.2378  -0.77461618
   16.5744   -0.3681   -0.7307   -0.0271   -0.1920  -0.77461612
   16.6047   -0.3894   -0.6735   -0.0322   -0.1408  -0.77461612
   16.6403   -0.4122   -0.6084   -0.0362   -0.0846  -0.77461612
   16.6829   -0.4365   -0.5324   -0.0385   -0.0240  -0.77461612
   16.7377   -0.4630   -0.4361   -0.0379    0.0430  -0.77461624
   16.7926   -0.4843   -0.3401   -0.0340    0.0972  -0.77461618
   16.8476   -0.5004   -0.2435   -0.0274    0.1384  -0.77461624
   16.8993   -0.5106   -0.1524   -0.0195    0.1651  -0.77461630
   16.9481   -0.5159   -0.0659   -0.0111    0.1794  -0.77461624
   16.9940   -0.5171    0.0156   -0.0027    0.1833  -0.77461618
   17.0306   -0.5153    0.0805    0.0039    0.1797  -0.77461618
   17.0666   -0.5113    0.1445    0.0102    0.1703  -0.77461612
   17.1027   -0.5049    0.2087    0.0161    0.1551  -0.77461612
   17.1419   -0.4953    0.2784    0.0218    0.1321  -0.77461612
   17.1847   -0.4818    0.3542    0.0268    0.0994  -0.77461612
   17.2304   -0.4638    0.4354    0.0304    0.0555  -0.77461606
   17.2789   -0.4406    0.5221    0.0317   -0.0009  -0.77461600
   17.3315   -0.4106    0.6178    0.0298   -0.0730  -0.77461600
   17.3725   -0.3837    0.6949    0.0255   -0.1370  -0.77461600
   17.4076   -0.3581    0.7635    0.0197   -0.1962  -0.77461600
   17.4371   -0.3347    0.8245    0.0131   -0.2489  -0.77461594
   17.4620   -0.3135    0.8790    0.0064   -0.2947  -0.77461600
   17.4827   -0.2948    0.9270   -0.0001   -0.3329  -0.77461588
   17.4990   -0.2794    0.9672   -0.0058   -0.3630  -0.77461594
   17.5149   -0.2637    1.0086   -0.0118   -0.3916  -0.77461594
   17.5315   -0.2465    1.0548   -0.0185   -0.4202  -0.77461606
   17.5489   -0.2278    1.1066   -0.0261   -0.4476  -0.77461606
   17.5666   -0.2076    1.1642   -0.0342   -0.4716  -0.77461612
   17.5843   -0.1865    1.2266   -0.0427   -0.4891  -0.77461600
   17.6019   -0.1644    1.2936   -0.0514   -0.4973  -0.77461612
   17.6193   -0.1412    1.3652   -0.0601   -0.4923  -0.77461600
   17.6331   -0.1220    1.4236   -0.0667   -0.4759  -0.77461600
   17.6458   -0.1035    1.4780   -0.0726   -0.4483  -0.77461588
   17.6587   -0.0841    1.5308   -0.0782   -0.4063  -0.77461600
   17.6708   -0.0653    1.5749   -0.0828   -0.3532  -0.77461588
   17.6831   -0.0457    1.6110   -0.0867   -0.2866  -0.77461576
   17.6947   -0.0268    1.6339   -0.0897   -0.2142  -0.77461588
   17.7048   -0.0103    1.6434   -0.0915   -0.1470  -0.77461588
   17.7150    0.0064    1.6425   -0.0926   -0.0782  -0.77461588
   17.7246    0.0221    1.6324   -0.0931   -0.0154  -0.77461565
   17.7342    0.0378    1.6142   -0.0929    0.0440  -0.77461565
   17.7447    0.0545    1.5869   -0.0922    0.1015  -0.77461565
   17.7556    0.0717    1.5521   -0.0908    0.1532  -0.77461565
   17.7661    0.0877    1.5147   -0.0889    0.1940  -0.77461576
   17.7770    0.1040    1.4733   -0.0866    0.2280  -0.77461576
   17.7889    0.1213    1.4267   -0.0837    0.2561  -0.77461553
   17.8020    0.1397    1.3751   -0.0802    0.2775  -0.77461553
   17.8170    0.1598    1.3177   -0.0759    0.2917  -0.77461559
   17.8351    0.1831    1.2513   -0.0706    0.2975  -0.77461553
   17.8559    0.2083    1.1801   -0.0644    0.2930  -0.77461547
   17.8772    0.2328    1.1121   -0.0583    0.2798  -0.77461565
   17.8996    0.2569    1.0463   -0.0523    0.2598  -0.77461565
   17.9231    0.2808    0.9821   -0.0464    0.2345  -0.77461553
   17.9482    0.3046    0.9185   -0.0409    0.2049  -0.77461553
   17.9749    0.3283    0.8552   -0.0359    0.1720  -0.77461553
   18.0036    0.3519    0.7914   -0.0315    0.1366  -0.77461553
   18.0343    0.3752    0.7267   -0.0279    0.0996  -0.77461565
   18.0675    0.3982    0.6602   -0.0252    0.0618  -0.77461565
   18.1036    0.4208    0.5909   -0.0236    0.0238  -0.77461553
   18.1439    0.4431    0.5163   -0.0235   -0.0139  -0.77461559
   18.1911    0.4654    0.4317   -0.0250   -0.0512  -0.77461559
   18.2509    0.4881    0.3275   -0.0292   -0.0873  -0.77461559
   18.3109    0.5047    0.2259   -0.0352   -0.1103  -0.77461553
   18.3657    0.5146    0.1350   -0.0416   -0.1197  -0.77461553
   18.4201    0.5195    0.0466   -0.0481   -0.1180  -0.77461559
   18.4754    0.5197   -0.0416   -0.0543   -0.1050  -0.77461553
   18.5294    0.5151   -0.1258   -0.0594   -0.0815  -0.77461547
   18.5824    0.5063   -0.2066   -0.0629   -0.0482  -0.77461541
   18.6408    0.4917   -0.2940   -0.0643    0.0000  -0.77461547
   18.7024    0.4708   -0.3847   -0.0624    0.0636  -0.77461547
   18.7666    0.4431   -0.4784   -0.0559    0.1429  -0.77461553
   18.8174    0.4168   -0.5535   -0.0468    0.2143  -0.77461547
   18.8600    0.3919   -0.6182   -0.0363    0.2790  -0.77461541
   18.8962    0.3685   -0.6758   -0.0252    0.3365  -0.77461541
   18.9271    0.3468   -0.7279   -0.0140    0.3867  -0.77461541
   18.9532    0.3272   -0.7744   -0.0034    0.4286  -0.77461541
   18.9744    0.3104   -0.8148    0.0061    0.4620  -0.77461535
   18.9954    0.2928   -0.8572    0.0161    0.4933  -0.77461535
   19.0158    0.2749   -0.9010    0.0264    0.5213  -0.77461541
   19.0371    0.2552   -0.9502    0.0378    0.5467  -0.77461541
   19.0595    0.2333   -1.0057    0.0503    0.5671  -0.77461529
   19.0827    0.2093   -1.0673    0.0636    0.5789  -0.77461511
   19.1070    0.1824   -1.1355    0.0777    0.5770  -0.77461517
   19.1271    0.1591   -1.1927    0.0892    0.5615  -0.77461523
   19.1474    0.1343   -1.2488    0.1003    0.5306  -0.77461517
   19.1668    0.1096   -1.2981    0.1102    0.4857  -0.77461517
   19.1870    0.0829   -1.3407    0.1194    0.4238  -0.77461523
   19.2090    0.0531   -1.3729    0.1278    0.3423  -0.77461511
   19.2266    0.0287   -1.3860    0.1332    0.2704  -0.77461493
   19.2442    0.0044   -1.3873    0.1373    0.1972  -0.77461487
   19.2618   -0.0200   -1.3774    0.1402    0.1257  -0.77461481
   19.2812   -0.0466   -1.3551    0.1419    0.0523  -0.77461493
   19.2975   -0.0685   -1.3291    0.1423   -0.0027  -0.77461499
   19.3113   -0.0865   -1.3033    0.1420   -0.0438  -0.77461493
   19.3265   -0.1062   -1.2713    0.1410   -0.0837  -0.77461493
   19.3423   -0.1259   -1.2359    0.1394   -0.1184  -0.77461487
   19.3594   -0.1467   -1.1955    0.1371   -0.1494  -0.77461481
   19.3781   -0.1687   -1.1504    0.1340   -0.1757  -0.77461475
   19.3987   -0.1919   -1.1007    0.1302   -0.1967  -0.77461481
   19.4217   -0.2166   -1.0460    0.1255   -0.2118  -0.77461463
   19.4479   -0.2432   -0.9854    0.1198   -0.2204  -0.77461469
   19.4784   -0.2722   -0.9180    0.1130   -0.2215  -0.77461475
   19.5138   -0.3034   -0.8444    0.1053   -0.2143  -0.77461469
   19.5505   -0.3330   -0.7725    0.0977   -0.2005  -0.77461469
   19.5890   -0.3614   -0.7018    0.0903   -0.1819  -0.77461463
   19.6299   -0.3886   -0.6313    0.0833   -0.1601  -0.77461469
   19.6734   -0.4146   -0.5601    0.0768   -0.1364  -0.77461463
   19.7203   -0.4391   -0.4874    0.0710   -0.1121  -0.77461463
   19.7710   -0.4619   -0.4123    0.0660   -0.0887  -0.77461463
   19.8267   -0.4827   -0.3331    0.0616   -0.0676  -0.77461463
   19.8895   -0.5008   -0.2472    0.0579   -0.0511  -0.77461463
   19.9646   -0.5157   -0.1478    0.0545   -0.0421  -0.77461463
   20.0000   -0.5201   -0.1022    0.0530   -0.0422  -0.77461463
