    0.0000    0.0000   -1.6400    0.0870    0.0000  -0.84101665
    0.0021   -0.0034   -1.6398    0.0870   -0.0152  -0.84101629
    0.0042   -0.0069   -1.6390    0.0869   -0.0306  -0.84101629
    0.0085   -0.0139   -1.6360    0.0867   -0.0618  -0.84101629
    0.0121   -0.0198   -1.6319    0.0865   -0.0874  -0.84101617
    0.0173   -0.0282   -1.6236    0.0859   -0.1233  -0.84101629
    0.0246   -0.0401   -1.6074    0.0848   -0.1718  -0.84101617
    0.0346   -0.0561   -1.5781    0.0828   -0.2314  -0.84101629
    0.0458   -0.0734   -1.5382    0.0799   -0.2873  -0.84101629
    0.0570   -0.0905   -1.4923    0.0764   -0.3325  -0.84101641
    0.0683   -0.1071   -1.4438    0.0725   -0.3664  -0.84101641
    0.0805   -0.1243   -1.3905    0.0678   -0.3918  -0.84101641
    0.0940   -0.1427   -1.3322    0.0624   -0.4084  -0.84101641
    0.1098   -0.1632   -1.2665    0.0559   -0.4156  -0.84101635
    0.1280   -0.1856   -1.1957    0.0484   -0.4117  -0.84101647
    0.1463   -0.2069   -1.1297    0.0409   -0.3984  -0.84101623
    0.1650   -0.2275   -1.0673    0.0336   -0.3783  -0.84101629
    0.1845   -0.2476   -1.0074    0.0265   -0.3530  -0.84101629
    0.2047   -0.2674   -0.9498    0.0197   -0.3236  -0.84101641
    0.2257   -0.2868   -0.8941    0.0132   -0.2915  -0.84101629
    0.2474   -0.3056   -0.8401    0.0073   -0.2576  -0.84101641
    0.2692   -0.3233   -0.7887    0.0020   -0.2236  -0.84101641
    0.2911   -0.3401   -0.7396   -0.0025   -0.1901  -0.84101641
    0.3120   -0.3550   -0.6946   -0.0062   -0.1591  -0.84101641
    0.3336   -0.3695   -0.6494   -0.0093   -0.1283  -0.84101641
    0.3592   -0.3855   -0.5974   -0.0121   -0.0936  -0.84101641
    0.3897   -0.4028   -0.5372   -0.0144   -0.0554  -0.84101641
    0.4261   -0.4211   -0.4670   -0.0156   -0.0143  -0.84101635
    0.4725   -0.4407   -0.3793   -0.0152    0.0303  -0.84101635
    0.5191   -0.4563   -0.2924   -0.0129    0.0660  -0.84101635
    0.5664   -0.4681   -0.2050   -0.0091    0.0928  -0.84101641
    0.6099   -0.4753   -0.1250   -0.0047    0.1090  -0.84101641
    0.6502   -0.4788   -0.0509   -0.0001    0.1167  -0.84101647
    0.6808   -0.4795    0.0052    0.0034    0.1178  -0.84101641
    0.7106   -0.4785    0.0598    0.0069    0.1149  -0.84101641
    0.7428   -0.4757    0.1189    0.0105    0.1075  -0.84101641
    0.7789   -0.4702    0.1849    0.0142    0.0939  -0.84101641
    0.8184   -0.4615    0.2573    0.0175    0.0726  -0.84101641
    0.8606   -0.4489    0.3351    0.0199    0.0424  -0.84101641
    0.9055   -0.4320    0.4185    0.0210    0.0021  -0.84101641
    0.9539   -0.4096    0.5098    0.0198   -0.0505  -0.84101647
    0.9955   -0.3867    0.5904    0.0167   -0.1030  -0.84101653
    1.0307   -0.3647    0.6609    0.0122   -0.1520  -0.84101653
    1.0604   -0.3442    0.7231    0.0070   -0.1964  -0.84101647
    1.0852   -0.3255    0.7776    0.0017   -0.2350  -0.84101653
    1.1051   -0.3096    0.8234   -0.0033   -0.2666  -0.84101653
    1.1246   -0.2931    0.8707   -0.0088   -0.2978  -0.84101653
    1.1434   -0.2763    0.9187   -0.0147   -0.3274  -0.84101641
    1.1629   -0.2578    0.9718   -0.0214   -0.3571  -0.84101635
    1.1829   -0.2379    1.0300   -0.0288   -0.3851  -0.84101641
    1.2026   -0.2169    1.0926   -0.0366   -0.4090  -0.84101647
    1.2221   -0.1950    1.1595   -0.0448   -0.4266  -0.84101629
    1.2409   -0.1725    1.2299   -0.0529   -0.4350  -0.84101635
    1.2594   -0.1492    1.3039   -0.0609   -0.4311  -0.84101623
    1.2746   -0.1288    1.3682   -0.0674   -0.4154  -0.84101629
    1.2879   -0.1102    1.4253   -0.0728   -0.3897  -0.84101629
    1.3002   -0.0924    1.4771   -0.0773   -0.3541  -0.84101629
    1.3126   -0.0737    1.5262   -0.0814   -0.3051  -0.84101617
    1.3244   -0.0555    1.5666   -0.0847   -0.2464  -0.84101629
    1.3364   -0.0364    1.5989   -0.0873   -0.1745  -0.84101629
    1.3471   -0.0193    1.6170   -0.0887   -0.1039  -0.84101641
    1.3561   -0.0047    1.6237   -0.0894   -0.0408  -0.84101641
    1.3641    0.0084    1.6224   -0.0895    0.0162  -0.84101641
    1.3719    0.0209    1.6148   -0.0892    0.0702  -0.84101653
    1.3793    0.0329    1.6022   -0.0884    0.1193  -0.84101677
    1.3883    0.0472    1.5804   -0.0871    0.1748  -0.84101653
    1.3999    0.0654    1.5442   -0.0847    0.2372  -0.84101665
    1.4118    0.0834    1.5004   -0.0816    0.2893  -0.84101653
    1.4231    0.1002    1.4545   -0.0781    0.3283  -0.84101653
    1.4351    0.1173    1.4043   -0.0739    0.3586  -0.84101665
    1.4482    0.1353    1.3494   -0.0691    0.3804  -0.84101665
    1.4628    0.1546    1.2891   -0.0634    0.3936  -0.84101665
    1.4805    0.1768    1.2200   -0.0564    0.3971  -0.84101665
    1.4995    0.1993    1.1506   -0.0489    0.3897  -0.84101683
    1.5188    0.2209    1.0853   -0.0415    0.3740  -0.84101671
    1.5387    0.2419    1.0231   -0.0343    0.3521  -0.84101677
    1.5595    0.2625    0.9630   -0.0273    0.3254  -0.84101671
    1.5811    0.2827    0.9049   -0.0206    0.2952  -0.84101665
    1.6036    0.3023    0.8484   -0.0143    0.2624  -0.84101665
    1.6269    0.3215    0.7933   -0.0086    0.2282  -0.84101665
    1.6508    0.3398    0.7396   -0.0035    0.1935  -0.84101665
    1.6748    0.3569    0.6880    0.0007    0.1595  -0.84101677
    1.6983    0.3725    0.6394    0.0041    0.1278  -0.84101677
    1.7203    0.3861    0.5951    0.0066    0.0995  -0.84101677
    1.7463    0.4009    0.5439    0.0087    0.0680  -0.84101677
    1.7772    0.4168    0.4846    0.0103    0.0338  -0.84101677
    1.8154    0.4339    0.4128    0.0109   -0.0036  -0.84101677
    1.8690    0.4534    0.3139    0.0095   -0.0463  -0.84101677
    1.9112    0.4650    0.2367    0.0070   -0.0718  -0.84101677
    1.9533    0.4734    0.1603    0.0035   -0.0899  -0.84101677
    1.9924    0.4782    0.0896   -0.0002   -0.1000  -0.84101677
    2.0226    0.4801    0.0352   -0.0033   -0.1035  -0.84101683
    2.0520    0.4804   -0.0177   -0.0063   -0.1032  -0.84101683
    2.0843    0.4789   -0.0758   -0.0096   -0.0987  -0.84101683
    2.1202    0.4750   -0.1403   -0.0130   -0.0886  -0.84101683
    2.1593    0.4681   -0.2106   -0.0161   -0.0714  -0.84101677
    2.2017    0.4576   -0.2869   -0.0186   -0.0457  -0.84101683
    2.2463    0.4430   -0.3677   -0.0199   -0.0108  -0.84101677
    2.2937    0.4235   -0.4546   -0.0194    0.0351  -0.84101677
    2.3480    0.3961   -0.5564   -0.0158    0.0978  -0.84101683
    2.3843    0.3746   -0.6270   -0.0114    0.1454  -0.84101677
    2.4148    0.3545   -0.6888   -0.0063    0.1885  -0.84101677
    2.4403    0.3363   -0.7427   -0.0010    0.2262  -0.84101683
    2.4606    0.3207   -0.7875    0.0039    0.2569  -0.84101683
    2.4806    0.3046   -0.8336    0.0093    0.2873  -0.84101689
    2.5004    0.2876   -0.8818    0.0153    0.3172  -0.84101683
    2.5210    0.2689   -0.9351    0.0221    0.3474  -0.84101689
    2.5421    0.2486   -0.9935    0.0298    0.3761  -0.84101695
    2.5630    0.2271   -1.0562    0.0379    0.4010  -0.84101671
    2.5836    0.2047   -1.1230    0.0463    0.4197  -0.84101671
    2.6035    0.1817   -1.1933    0.0548    0.4294  -0.84101683
    2.6230    0.1577   -1.2673    0.0632    0.4273  -0.84101677
    2.6394    0.1363   -1.3330    0.0701    0.4129  -0.84101677
    2.6536    0.1170   -1.3907    0.0758    0.3885  -0.84101677
    2.6667    0.0984   -1.4434    0.0807    0.3541  -0.84101677
    2.6800    0.0789   -1.4937    0.0851    0.3060  -0.84101677
    2.6925    0.0600   -1.5351    0.0886    0.2484  -0.84101653
    2.7050    0.0405   -1.5683    0.0913    0.1788  -0.84101677
    2.7168    0.0220   -1.5887    0.0929    0.1057  -0.84101665
    2.7265    0.0065   -1.5965    0.0936    0.0412  -0.84101665
    2.7350   -0.0070   -1.5961    0.0938   -0.0156  -0.84101677
    2.7433   -0.0203   -1.5893    0.0934   -0.0706  -0.84101689
    2.7513   -0.0331   -1.5769    0.0926   -0.1217  -0.84101677
    2.7610   -0.0482   -1.5552    0.0912   -0.1787  -0.84101677
    2.7735   -0.0674   -1.5186    0.0885   -0.2429  -0.84101689
    2.7862   -0.0864   -1.4741    0.0851   -0.2963  -0.84101677
    2.7983   -0.1040   -1.4276    0.0812   -0.3359  -0.84101677
    2.8109   -0.1217   -1.3772    0.0768   -0.3661  -0.84101677
    2.8247   -0.1403   -1.3218    0.0716   -0.3879  -0.84101677
    2.8402   -0.1603   -1.2609    0.0655   -0.4007  -0.84101677
    2.8587   -0.1830   -1.1917    0.0580   -0.4034  -0.84101677
    2.8786   -0.2059   -1.1223    0.0501   -0.3953  -0.84101677
    2.8987   -0.2279   -1.0570    0.0422   -0.3788  -0.84101683
    2.9195   -0.2492   -0.9948    0.0346   -0.3562  -0.84101671
    2.9411   -0.2700   -0.9350    0.0272   -0.3289  -0.84101665
    2.9635   -0.2903   -0.8770    0.0202   -0.2981  -0.84101665
    2.9868   -0.3101   -0.8207    0.0136   -0.2649  -0.84101671
    3.0108   -0.3291   -0.7660    0.0077   -0.2304  -0.84101677
    3.0353   -0.3472   -0.7129    0.0025   -0.1958  -0.84101671
    3.0598   -0.3641   -0.6619   -0.0019   -0.1621  -0.84101677
    3.0831   -0.3790   -0.6151   -0.0053   -0.1315  -0.84101665
    3.1069   -0.3930   -0.5687   -0.0081   -0.1019  -0.84101677
    3.1346   -0.4080   -0.5158   -0.0105   -0.0696  -0.84101683
    3.1680   -0.4242   -0.4534   -0.0122   -0.0341  -0.84101677
    3.2092   -0.4413   -0.3780   -0.0128    0.0039  -0.84101671
    3.2579   -0.4576   -0.2899   -0.0117    0.0404  -0.84101677
    3.3073   -0.4697   -0.2015   -0.0090    0.0679  -0.84101671
    3.3518   -0.4769   -0.1221   -0.0056    0.0843  -0.84101677
    3.3928   -0.4805   -0.0493   -0.0019    0.0922  -0.84101677
    3.4262   -0.4811    0.0101    0.0012    0.0936  -0.84101677
    3.4589   -0.4798    0.0681    0.0042    0.0905  -0.84101677
    3.4898   -0.4769    0.1232    0.0069    0.0836  -0.84101683
    3.5239   -0.4717    0.1837    0.0096    0.0715  -0.84101677
    3.5613   -0.4635    0.2506    0.0119    0.0527  -0.84101677
    3.6018   -0.4519    0.3232    0.0135    0.0261  -0.84101677
    3.6451   -0.4362    0.4017    0.0139   -0.0094  -0.84101677
    3.6926   -0.4151    0.4891    0.0124   -0.0564  -0.84101677
    3.7322   -0.3942    0.5641    0.0093   -0.1018  -0.84101677
    3.7651   -0.3746    0.6283    0.0053   -0.1433  -0.84101677
    3.7924   -0.3567    0.6836    0.0008   -0.1800  -0.84101677
    3.8142   -0.3413    0.7295   -0.0034   -0.2104  -0.84101677
    3.8354   -0.3254    0.7760   -0.0082   -0.2408  -0.84101671
    3.8567   -0.3083    0.8249   -0.0137   -0.2716  -0.84101665
    3.8788   -0.2895    0.8784   -0.0200   -0.3032  -0.84101677
    3.9013   -0.2691    0.9365   -0.0272   -0.3341  -0.84101665
    3.9237   -0.2475    0.9986   -0.0350   -0.3623  -0.84101671
    3.9455   -0.2249    1.0645   -0.0432   -0.3856  -0.84101665
    3.9667   -0.2017    1.1338   -0.0515   -0.4017  -0.84101665
    3.9872   -0.1777    1.2064   -0.0598   -0.4079  -0.84101659
    4.0073   -0.1527    1.2825   -0.0680   -0.4010  -0.84101659
    4.0227   -0.1325    1.3435   -0.0740   -0.3838  -0.84101653
    4.0367   -0.1133    1.3997   -0.0792   -0.3567  -0.84101665
    4.0511   -0.0927    1.4560   -0.0841   -0.3152  -0.84101653
    4.0641   -0.0735    1.5029   -0.0879   -0.2646  -0.84101653
    4.0765   -0.0546    1.5415   -0.0908   -0.2046  -0.84101653
    4.0892   -0.0348    1.5718   -0.0929   -0.1323  -0.84101665
    4.1000   -0.0177    1.5879   -0.0940   -0.0640  -0.84101641
    4.1091   -0.0033    1.5936   -0.0943   -0.0040  -0.84101653
    4.1166    0.0088    1.5926   -0.0941    0.0465  -0.84101665
    4.1240    0.0205    1.5865   -0.0936    0.0947  -0.84101641
    4.1320    0.0331    1.5746   -0.0927    0.1452  -0.84101677
    4.1415    0.0480    1.5538   -0.0910    0.2013  -0.84101653
    4.1542    0.0675    1.5170   -0.0880    0.2670  -0.84101641
    4.1675    0.0874    1.4702   -0.0841    0.3230  -0.84101653
    4.1798    0.1052    1.4225   -0.0798    0.3627  -0.84101665
    4.1927    0.1232    1.3709   -0.0750    0.3925  -0.84101665
    4.2066    0.1419    1.3148   -0.0694    0.4131  -0.84101659
    4.2223    0.1620    1.2532   -0.0628    0.4244  -0.84101647
    4.2411    0.1849    1.1828   -0.0548    0.4251  -0.84101647
    4.2607    0.2074    1.1145   -0.0465    0.4149  -0.84101641
    4.2806    0.2289    1.0506   -0.0384    0.3968  -0.84101641
    4.3010    0.2497    0.9898   -0.0306    0.3729  -0.84101641
    4.3221    0.2700    0.9316   -0.0230    0.3445  -0.84101647
    4.3440    0.2898    0.8754   -0.0158    0.3128  -0.84101647
    4.3664    0.3088    0.8214   -0.0092    0.2793  -0.84101647
    4.3893    0.3270    0.7693   -0.0032    0.2449  -0.84101641
    4.4120    0.3439    0.7202    0.0020    0.2113  -0.84101647
    4.4338    0.3591    0.6748    0.0063    0.1798  -0.84101641
    4.4558    0.3735    0.6306    0.0099    0.1493  -0.84101641
    4.4811    0.3888    0.5810    0.0132    0.1158  -0.84101647
    4.5114    0.4055    0.5233    0.0162    0.0784  -0.84101641
    4.5476    0.4233    0.4557    0.0183    0.0378  -0.84101647
    4.5924    0.4418    0.3739    0.0190   -0.0054  -0.84101641
    4.6432    0.4585    0.2821    0.0176   -0.0450  -0.84101641
    4.6954    0.4708    0.1884    0.0145   -0.0748  -0.84101647
    4.7427    0.4777    0.1037    0.0105   -0.0921  -0.84101647
    4.7870    0.4805    0.0244    0.0062   -0.0999  -0.84101641
    4.8285    0.4800   -0.0500    0.0020   -0.0998  -0.84101641
    4.8620    0.4773   -0.1101   -0.0012   -0.0945  -0.84101641
    4.8948    0.4727   -0.1692   -0.0042   -0.0849  -0.84101641
    4.9258    0.4666   -0.2253   -0.0066   -0.0716  -0.84101647
    4.9601    0.4578   -0.2875   -0.0088   -0.0524  -0.84101647
    4.9977    0.4457   -0.3563   -0.0102   -0.0257  -0.84101641
    5.0387    0.4295   -0.4322   -0.0106    0.0097  -0.84101641
    5.0848    0.4076   -0.5192   -0.0091    0.0571  -0.84101635
    5.1206    0.3878   -0.5887   -0.0063    0.0991  -0.84101641
    5.1508    0.3691   -0.6494   -0.0027    0.1379  -0.84101641
    5.1756    0.3524   -0.7012    0.0011    0.1717  -0.84101641
    5.1968    0.3370   -0.7470    0.0051    0.2016  -0.84101641
    5.2177    0.3209   -0.7940    0.0096    0.2317  -0.84101653
    5.2394    0.3031   -0.8453    0.0150    0.2634  -0.84101653
    5.2619    0.2835   -0.9015    0.0213    0.2958  -0.84101653
    5.2845    0.2625   -0.9619    0.0283    0.3269  -0.84101647
    5.3066    0.2405   -1.0259    0.0358    0.3547  -0.84101647
    5.3281    0.2177   -1.0933    0.0437    0.3771  -0.84101635
    5.3487    0.1944   -1.1638    0.0517    0.3918  -0.84101641
    5.3687    0.1705   -1.2376    0.0595    0.3963  -0.84101635
    5.3881    0.1458   -1.3144    0.0672    0.3872  -0.84101623
    5.4026    0.1262   -1.3744    0.0727    0.3685  -0.84101617
    5.4159    0.1076   -1.4297    0.0774    0.3401  -0.84101617
    5.4295    0.0878   -1.4849    0.0817    0.2976  -0.84101629
    5.4418    0.0692   -1.5309    0.0851    0.2464  -0.84101641
    5.4535    0.0511   -1.5683    0.0876    0.1864  -0.84101641
    5.4655    0.0320   -1.5977    0.0895    0.1138  -0.84101629
    5.4755    0.0159   -1.6128    0.0903    0.0473  -0.84101641
    5.4839    0.0024   -1.6180    0.0904   -0.0108  -0.84101641
    5.4913   -0.0096   -1.6166    0.0901   -0.0627  -0.84101617
    5.4987   -0.0215   -1.6097    0.0895   -0.1135  -0.84101629
    5.5067   -0.0342   -1.5964    0.0884   -0.1660  -0.84101617
    5.5164   -0.0497   -1.5727    0.0865   -0.2253  -0.84101629
    5.5284   -0.0684   -1.5345    0.0834   -0.2885  -0.84101629
    5.5410   -0.0874   -1.4871    0.0794   -0.3417  -0.84101605
    5.5528   -0.1046   -1.4387    0.0751   -0.3795  -0.84101617
    5.5651   -0.1220   -1.3865    0.0703   -0.4075  -0.84101617
    5.5787   -0.1404   -1.3292    0.0646   -0.4264  -0.84101641
    5.5941   -0.1604   -1.2661    0.0579   -0.4358  -0.84101629
    5.6128   -0.1835   -1.1936    0.0498   -0.4339  -0.84101635
    5.6315   -0.2051   -1.1268    0.0418   -0.4216  -0.84101635
    5.6504   -0.2258   -1.0642    0.0340   -0.4021  -0.84101629
    5.6700   -0.2461   -1.0046    0.0264   -0.3770  -0.84101629
    5.6901   -0.2657   -0.9477    0.0191   -0.3479  -0.84101635
    5.7109   -0.2849   -0.8928    0.0121   -0.3159  -0.84101629
    5.7321   -0.3032   -0.8405    0.0058   -0.2823  -0.84101629
    5.7535   -0.3207   -0.7905    0.0001   -0.2484  -0.84101617
    5.7746   -0.3368   -0.7437   -0.0048   -0.2154  -0.84101629
    5.7939   -0.3508   -0.7025   -0.0086   -0.1860  -0.84101629
    5.8158   -0.3657   -0.6571   -0.0124   -0.1537  -0.84101617
    5.8420   -0.3822   -0.6046   -0.0159   -0.1168  -0.84101617
    5.8730   -0.4000   -0.5440   -0.0189   -0.0763  -0.84101623
    5.9099   -0.4188   -0.4738   -0.0209   -0.0326  -0.84101623
    5.9560   -0.4386   -0.3880   -0.0213    0.0143  -0.84101623
    6.0068   -0.4559   -0.2945   -0.0194    0.0560  -0.84101623
    6.0586   -0.4688   -0.1996   -0.0157    0.0873  -0.84101623
    6.1057   -0.4761   -0.1135   -0.0111    0.1059  -0.84101623
    6.1499   -0.4794   -0.0329   -0.0062    0.1146  -0.84101629
    6.1912   -0.4792    0.0427   -0.0014    0.1151  -0.84101623
    6.2241   -0.4768    0.1028    0.0023    0.1102  -0.84101629
    6.2559   -0.4726    0.1613    0.0057    0.1010  -0.84101629
    6.2881   -0.4664    0.2205    0.0087    0.0873  -0.84101623
    6.3235   -0.4575    0.2858    0.0115    0.0672  -0.84101623
    6.3623   -0.4450    0.3580    0.0135    0.0389  -0.84101623
    6.4042   -0.4283    0.4367    0.0144    0.0014  -0.84101629
    6.4504   -0.4061    0.5251    0.0134   -0.0481  -0.84101623
    6.4894   -0.3842    0.6021    0.0106   -0.0963  -0.84101629
    6.5216   -0.3637    0.6680    0.0068   -0.1401  -0.84101623
    6.5487   -0.3449    0.7256    0.0025   -0.1792  -0.84101629
    6.5708   -0.3283    0.7747   -0.0019   -0.2124  -0.84101629
    6.5925   -0.3109    0.8251   -0.0068   -0.2459  -0.84101629
    6.6122   -0.2942    0.8733   -0.0120   -0.2763  -0.84101617
    6.6324   -0.2760    0.9255   -0.0179   -0.3073  -0.84101623
    6.6531   -0.2563    0.9827   -0.0246   -0.3377  -0.84101617
    6.6738   -0.2353    1.0442   -0.0318   -0.3656  -0.84101623
    6.6940   -0.2135    1.1097   -0.0395   -0.3886  -0.84101623
    6.7136   -0.1912    1.1785   -0.0473   -0.4045  -0.84101629
    6.7325   -0.1682    1.2507   -0.0550   -0.4108  -0.84101623
    6.7509   -0.1445    1.3264   -0.0625   -0.4042  -0.84101623
    6.7654   -0.1248    1.3888   -0.0683   -0.3868  -0.84101617
    6.7783   -0.1066    1.4448   -0.0731   -0.3599  -0.84101617
    6.7902   -0.0891    1.4958   -0.0771   -0.3233  -0.84101605
    6.8022   -0.0709    1.5437   -0.0807   -0.2740  -0.84101629
    6.8134   -0.0533    1.5830   -0.0835   -0.2158  -0.84101629
    6.8249   -0.0349    1.6142   -0.0856   -0.1456  -0.84101629
    6.8352   -0.0182    1.6322   -0.0867   -0.0753  -0.84101629
    6.8436   -0.0044    1.6388   -0.0871   -0.0145  -0.84101629
    6.8507    0.0072    1.6382   -0.0870    0.0375  -0.84101641
    6.8576    0.0186    1.6322   -0.0866    0.0873  -0.84101629
    6.8649    0.0303    1.6206   -0.0858    0.1374  -0.84101629
    6.8736    0.0444    1.5999   -0.0843    0.1936  -0.84101629
    6.8857    0.0636    1.5614   -0.0815    0.2621  -0.84101617
    6.8976    0.0818    1.5159   -0.0781    0.3162  -0.84101617
    6.9088    0.0985    1.4689   -0.0743    0.3554  -0.84101617
    6.9205    0.1154    1.4178   -0.0700    0.3853  -0.84101617
    6.9333    0.1332    1.3620   -0.0649    0.4064  -0.84101605
    6.9477    0.1525    1.3002   -0.0589    0.4184  -0.84101599
    6.9653    0.1747    1.2293   -0.0515    0.4199  -0.84101593
    6.9835    0.1964    1.1611   -0.0440    0.4105  -0.84101588
    7.0019    0.2172    1.0973   -0.0366    0.3934  -0.84101593
    7.0210    0.2375    1.0365   -0.0293    0.3702  -0.84101588
    7.0407    0.2574    0.9782   -0.0223    0.3426  -0.84101588
    7.0611    0.2768    0.9221   -0.0156    0.3117  -0.84101588
    7.0822    0.2957    0.8678   -0.0093    0.2786  -0.84101582
    7.1039    0.3138    0.8155   -0.0037    0.2444  -0.84101582
    7.1255    0.3309    0.7659    0.0012    0.2106  -0.84101593
    7.1465    0.3466    0.7195    0.0053    0.1785  -0.84101582
    7.1668    0.3608    0.6764    0.0086    0.1485  -0.84101593
    7.1902    0.3760    0.6283    0.0117    0.1156  -0.84101588
    7.2182    0.3928    0.5721    0.0144    0.0784  -0.84101588
    7.2520    0.4110    0.5063    0.0164    0.0376  -0.84101593
    7.2930    0.4302    0.4280    0.0170   -0.0062  -0.84101599
    7.3448    0.4498    0.3308    0.0155   -0.0514  -0.84101588
    7.3903    0.4629    0.2465    0.0124   -0.0818  -0.84101593
    7.4359    0.4723    0.1623    0.0081   -0.1033  -0.84101593
    7.4785    0.4775    0.0840    0.0035   -0.1153  -0.84101588
    7.5138    0.4793    0.0191   -0.0007   -0.1192  -0.84101593
    7.5484    0.4789   -0.0445   -0.0048   -0.1178  -0.84101588
    7.5797    0.4766   -0.1020   -0.0084   -0.1120  -0.84101593
    7.6140    0.4720   -0.1649   -0.0121   -0.1008  -0.84101593
    7.6520    0.4644   -0.2348   -0.0156   -0.0824  -0.84101593
    7.6928    0.4533   -0.3101   -0.0184   -0.0557  -0.84101593
    7.7362    0.4381   -0.3906   -0.0201   -0.0195  -0.84101588
    7.7826    0.4179   -0.4780   -0.0199    0.0278  -0.84101588
    7.8298    0.3933   -0.5688   -0.0173    0.0846  -0.84101588
    7.8670    0.3707   -0.6430   -0.0132    0.1352  -0.84101582
    7.8981    0.3498   -0.7075   -0.0083    0.1808  -0.84101593
    7.9241    0.3306   -0.7641   -0.0031    0.2210  -0.84101588
    7.9454    0.3138   -0.8126    0.0020    0.2547  -0.84101582
    7.9664    0.2962   -0.8630    0.0077    0.2883  -0.84101593
    7.9854    0.2794   -0.9110    0.0134    0.3183  -0.84101582
    8.0050    0.2611   -0.9638    0.0199    0.3485  -0.84101582
    8.0248    0.2413   -1.0214    0.0272    0.3772  -0.84101576
    8.0447    0.2205   -1.0835    0.0349    0.4022  -0.84101564
    8.0640    0.1989   -1.1494    0.0429    0.4212  -0.84101558
    8.0829    0.1765   -1.2191    0.0509    0.4317  -0.84101564
    8.1013    0.1535   -1.2924    0.0589    0.4307  -0.84101576
    8.1174    0.1321   -1.3605    0.0657    0.4170  -0.84101570
    8.1308    0.1134   -1.4185    0.0712    0.3935  -0.84101570
    8.1432    0.0955   -1.4716    0.0759    0.3600  -0.84101558
    8.1557    0.0768   -1.5223    0.0801    0.3130  -0.84101546
    8.1674    0.0587   -1.5645    0.0834    0.2563  -0.84101558
    8.1791    0.0402   -1.5982    0.0861    0.1880  -0.84101534
    8.1905    0.0219   -1.6201    0.0878    0.1129  -0.84101558
    8.1996    0.0071   -1.6284    0.0885    0.0490  -0.84101534
    8.2077   -0.0061   -1.6284    0.0887   -0.0089  -0.84101558
    8.2156   -0.0190   -1.6216    0.0884   -0.0649  -0.84101558
    8.2229   -0.0308   -1.6098    0.0877   -0.1142  -0.84101570
    8.2318   -0.0449   -1.5891    0.0865   -0.1699  -0.84101582
    8.2447   -0.0653   -1.5487    0.0838   -0.2407  -0.84101570
    8.2564   -0.0831   -1.5048    0.0807   -0.2926  -0.84101570
    8.2677   -0.0999   -1.4586    0.0771   -0.3315  -0.84101546
    8.2796   -0.1169   -1.4082    0.0730   -0.3615  -0.84101546
    8.2926   -0.1348   -1.3531    0.0681   -0.3832  -0.84101540
    8.3074   -0.1544   -1.2918    0.0624   -0.3961  -0.84101534
    8.3252   -0.1768   -1.2215    0.0553   -0.3990  -0.84101534
    8.3440   -0.1991   -1.1524    0.0478   -0.3910  -0.84101540
    8.3632   -0.2205   -1.0874    0.0405   -0.3749  -0.84101534
    8.3829   -0.2414   -1.0253    0.0333   -0.3526  -0.84101540
    8.4035   -0.2619   -0.9656    0.0263   -0.3257  -0.84101534
    8.4250   -0.2820   -0.9077    0.0196   -0.2952  -0.84101534
    8.4472   -0.3015   -0.8516    0.0134   -0.2624  -0.84101522
    8.4703   -0.3206   -0.7965    0.0078   -0.2279  -0.84101534
    8.4940   -0.3388   -0.7432    0.0028   -0.1932  -0.84101546
    8.5176   -0.3557   -0.6922   -0.0014   -0.1595  -0.84101546
    8.5404   -0.3710   -0.6447   -0.0047   -0.1282  -0.84101546
    8.5630   -0.3850   -0.5989   -0.0072   -0.0988  -0.84101540
    8.5893   -0.4001   -0.5471   -0.0094   -0.0667  -0.84101540
    8.6211   -0.4165   -0.4859   -0.0109   -0.0312  -0.84101546
    8.6597   -0.4338   -0.4130   -0.0114    0.0068  -0.84101540
    8.7083   -0.4517   -0.3228   -0.0101    0.0462  -0.84101546
    8.7509   -0.4638   -0.2445   -0.0075    0.0729  -0.84101546
    8.7937   -0.4726   -0.1666   -0.0039    0.0919  -0.84101540
    8.8332   -0.4778   -0.0949   -0.0001    0.1028  -0.84101540
    8.8630   -0.4798   -0.0408    0.0031    0.1065  -0.84101540
    8.8922   -0.4802    0.0119    0.0062    0.1066  -0.84101534
    8.9241   -0.4789    0.0696    0.0095    0.1026  -0.84101546
    8.9591   -0.4754    0.1327    0.0130    0.0932  -0.84101540
    8.9978   -0.4689    0.2025    0.0163    0.0768  -0.84101540
    9.0394   -0.4589    0.2777    0.0190    0.0523  -0.84101540
    9.0838   -0.4448    0.3582    0.0206    0.0182  -0.84101534
    9.1309   -0.4259    0.4446    0.0204   -0.0265  -0.84101540
    9.1833   -0.4001    0.5428    0.0175   -0.0863  -0.84101546
    9.2218   -0.3777    0.6175    0.0132   -0.1366  -0.84101546
    9.2538   -0.3569    0.6819    0.0082   -0.1817  -0.84101546
    9.2804   -0.3381    0.7379    0.0028   -0.2212  -0.84101546
    9.3021   -0.3215    0.7858   -0.0024   -0.2544  -0.84101552
    9.3236   -0.3041    0.8354   -0.0082   -0.2875  -0.84101552
    9.3433   -0.2872    0.8834   -0.0141   -0.3177  -0.84101546
    9.3635   -0.2688    0.9358   -0.0209   -0.3477  -0.84101546
    9.3841   -0.2489    0.9930   -0.0284   -0.3765  -0.84101540
    9.4048   -0.2278    1.0549   -0.0364   -0.4018  -0.84101546
    9.4250   -0.2057    1.1209   -0.0447   -0.4211  -0.84101546
    9.4448   -0.1829    1.1906   -0.0532   -0.4320  -0.84101540
    9.4641   -0.1592    1.2641   -0.0616   -0.4314  -0.84101540
    9.4809   -0.1374    1.3315   -0.0687   -0.4181  -0.84101534
    9.4951   -0.1181    1.3898   -0.0745   -0.3948  -0.84101522
    9.5082   -0.0996    1.4430   -0.0794   -0.3613  -0.84101534
    9.5214   -0.0802    1.4938   -0.0839   -0.3145  -0.84101534
    9.5337   -0.0615    1.5360   -0.0875   -0.2580  -0.84101534
    9.5462   -0.0422    1.5700   -0.0903   -0.1895  -0.84101534
    9.5582   -0.0231    1.5922   -0.0921   -0.1141  -0.84101546
    9.5679   -0.0077    1.6006   -0.0929   -0.0498  -0.84101522
    9.5765    0.0062    1.6007   -0.0931    0.0087  -0.84101558
    9.5850    0.0197    1.5939   -0.0927    0.0652  -0.84101546
    9.5926    0.0318    1.5823   -0.0921    0.1142  -0.84101570
    9.6015    0.0458    1.5629   -0.0908    0.1674  -0.84101558
    9.6144    0.0657    1.5257   -0.0882    0.2350  -0.84101558
    9.6270    0.0847    1.4815   -0.0849    0.2894  -0.84101534
    9.6390    0.1021    1.4354   -0.0812    0.3296  -0.84101546
    9.6514    0.1197    1.3852   -0.0769    0.3605  -0.84101546
    9.6650    0.1382    1.3302   -0.0718    0.3830  -0.84101546
    9.6804    0.1581    1.2695   -0.0658    0.3966  -0.84101552
    9.6984    0.1804    1.2011   -0.0586    0.4003  -0.84101546
    9.7182    0.2035    1.1312   -0.0507    0.3930  -0.84101558
    9.7383    0.2255    1.0655   -0.0430    0.3773  -0.84101552
    9.7589    0.2469    1.0030   -0.0354    0.3552  -0.84101558
    9.7803    0.2677    0.9430   -0.0281    0.3284  -0.84101558
    9.8026    0.2880    0.8849   -0.0211    0.2980  -0.84101558
    9.8257    0.3078    0.8284   -0.0146    0.2652  -0.84101558
    9.8497    0.3270    0.7731   -0.0086    0.2307  -0.84101552
    9.8743    0.3453    0.7194   -0.0034    0.1959  -0.84101558
    9.8988    0.3624    0.6681    0.0010    0.1623  -0.84101552
    9.9225    0.3776    0.6201    0.0045    0.1310  -0.84101546
    9.9453    0.3912    0.5754    0.0071    0.1026  -0.84101558
    9.9719    0.4058    0.5243    0.0094    0.0714  -0.84101558
   10.0039    0.4217    0.4642    0.0111    0.0371  -0.84101558
   10.0431    0.4385    0.3918    0.0119    0.0001  -0.84101558
   10.0976    0.4571    0.2929    0.0107   -0.0414  -0.84101558
   10.1411    0.4682    0.2149    0.0083   -0.0661  -0.84101564
   10.1845    0.4758    0.1374    0.0051   -0.0831  -0.84101564
   10.2251    0.4799    0.0650    0.0015   -0.0921  -0.84101564
   10.2578    0.4811    0.0069   -0.0016   -0.0944  -0.84101564
   10.2896    0.4804   -0.0498   -0.0046   -0.0925  -0.84101564
   10.3209    0.4780   -0.1055   -0.0074   -0.0866  -0.84101570
   10.3555    0.4733   -0.1669   -0.0102   -0.0754  -0.84101570
   10.3933    0.4657   -0.2342   -0.0127   -0.0576  -0.84101570
   10.4338    0.4547   -0.3069   -0.0146   -0.0321  -0.84101570
   10.4774    0.4396   -0.3854   -0.0152    0.0025  -0.84101570
   10.5245    0.4195   -0.4717   -0.0141    0.0480  -0.84101570
   10.5673    0.3975   -0.5522   -0.0110    0.0964  -0.84101570
   10.6015    0.3775   -0.6186   -0.0070    0.1393  -0.84101564
   10.6303    0.3589   -0.6764   -0.0024    0.1780  -0.84101570
   10.6538    0.3424   -0.7255    0.0021    0.2110  -0.84101576
   10.6772    0.3249   -0.7766    0.0075    0.2446  -0.84101570
   10.6986    0.3077   -0.8256    0.0130    0.2757  -0.84101570
   10.7207    0.2889   -0.8791    0.0195    0.3075  -0.84101570
   10.7431    0.2686   -0.9370    0.0267    0.3385  -0.84101570
   10.7653    0.2470   -0.9989    0.0346    0.3668  -0.84101576
   10.7870    0.2246   -1.0643    0.0428    0.3901  -0.84101558
   10.8081    0.2015   -1.1332    0.0512    0.4062  -0.84101564
   10.8286    0.1776   -1.2056    0.0596    0.4125  -0.84101558
   10.8486    0.1527   -1.2816    0.0678    0.4057  -0.84101564
   10.8640    0.1325   -1.3425    0.0739    0.3884  -0.84101564
   10.8780    0.1133   -1.3986    0.0792    0.3612  -0.84101558
   10.8924    0.0928   -1.4546    0.0841    0.3198  -0.84101546
   10.9055    0.0734   -1.5016    0.0880    0.2690  -0.84101546
   10.9179    0.0546   -1.5400    0.0910    0.2090  -0.84101546
   10.9306    0.0347   -1.5702    0.0932    0.1362  -0.84101534
   10.9414    0.0176   -1.5861    0.0943    0.0682  -0.84101558
   10.9506    0.0031   -1.5916    0.0946    0.0078  -0.84101558
   10.9583   -0.0092   -1.5903    0.0945   -0.0433  -0.84101558
   10.9657   -0.0209   -1.5841    0.0940   -0.0915  -0.84101570
   10.9738   -0.0338   -1.5717    0.0930   -0.1426  -0.84101570
   10.9836   -0.0490   -1.5500    0.0914   -0.1997  -0.84101582
   10.9969   -0.0693   -1.5111    0.0883   -0.2671  -0.84101558
   11.0100   -0.0889   -1.4649    0.0844   -0.3209  -0.84101558
   11.0224   -0.1067   -1.4172    0.0802   -0.3599  -0.84101570
   11.0353   -0.1247   -1.3654    0.0753   -0.3891  -0.84101576
   11.0494   -0.1435   -1.3090    0.0697   -0.4093  -0.84101558
   11.0653   -0.1639   -1.2469    0.0630   -0.4202  -0.84101558
   11.0843   -0.1868   -1.1767    0.0551   -0.4204  -0.84101564
   11.1040   -0.2094   -1.1085    0.0468   -0.4099  -0.84101564
   11.1241   -0.2310   -1.0444    0.0388   -0.3916  -0.84101564
   11.1447   -0.2519   -0.9837    0.0309   -0.3675  -0.84101558
   11.1661   -0.2723   -0.9253    0.0234   -0.3391  -0.84101546
   11.1881   -0.2920   -0.8691    0.0163   -0.3075  -0.84101552
   11.2110   -0.3113   -0.8145    0.0096   -0.2738  -0.84101546
   11.2342   -0.3296   -0.7620    0.0037   -0.2393  -0.84101552
   11.2576   -0.3468   -0.7118   -0.0015   -0.2052  -0.84101552
   11.2800   -0.3622   -0.6655   -0.0058   -0.1734  -0.84101558
   11.3018   -0.3763   -0.6217   -0.0092   -0.1436  -0.84101546
   11.3271   -0.3914   -0.5726   -0.0124   -0.1108  -0.84101552
   11.3571   -0.4077   -0.5155   -0.0152   -0.0745  -0.84101552
   11.3932   -0.4251   -0.4484   -0.0172   -0.0350  -0.84101552
   11.4378   -0.4433   -0.3671   -0.0178    0.0070  -0.84101552
   11.4887   -0.4596   -0.2755   -0.0164    0.0455  -0.84101558
   11.5400   -0.4714   -0.1837   -0.0133    0.0737  -0.84101552
   11.5867   -0.4780   -0.1004   -0.0094    0.0902  -0.84101552
   11.6303   -0.4807   -0.0224   -0.0053    0.0974  -0.84101552
   11.6711   -0.4801    0.0504   -0.0013    0.0970  -0.84101552
   11.7033   -0.4776    0.1081    0.0017    0.0919  -0.84101558
   11.7350   -0.4733    0.1650    0.0045    0.0826  -0.84101558
   11.7663   -0.4672    0.2213    0.0069    0.0694  -0.84101558
   11.8007   -0.4585    0.2834    0.0090    0.0504  -0.84101552
   11.8388   -0.4464    0.3527    0.0104    0.0237  -0.84101552
   11.8800   -0.4303    0.4287    0.0107   -0.0116  -0.84101558
   11.9264   -0.4084    0.5159    0.0091   -0.0590  -0.84101552
   11.9621   -0.3888    0.5849    0.0062   -0.1007  -0.84101552
   11.9923   -0.3702    0.6452    0.0026   -0.1392  -0.84101558
   12.0169   -0.3537    0.6963   -0.0012   -0.1725  -0.84101558
   12.0386   -0.3381    0.7428   -0.0053   -0.2028  -0.84101558
   12.0596   -0.3220    0.7899   -0.0099   -0.2330  -0.84101558
   12.0815   -0.3042    0.8411   -0.0153   -0.2645  -0.84101570
   12.1041   -0.2845    0.8974   -0.0217   -0.2969  -0.84101570
   12.1269   -0.2634    0.9581   -0.0288   -0.3280  -0.84101570
   12.1492   -0.2413    1.0222   -0.0364   -0.3557  -0.84101570
   12.1708   -0.2185    1.0893   -0.0443   -0.3778  -0.84101576
   12.1915   -0.1952    1.1597   -0.0523   -0.3923  -0.84101576
   12.2116   -0.1712    1.2333   -0.0603   -0.3965  -0.84101588
   12.2312   -0.1463    1.3102   -0.0680   -0.3871  -0.84101582
   12.2458   -0.1267    1.3701   -0.0735   -0.3682  -0.84101582
   12.2592   -0.1080    1.4252   -0.0783   -0.3395  -0.84101582
   12.2729   -0.0880    1.4801   -0.0827   -0.2968  -0.84101570
   12.2854   -0.0693    1.5260   -0.0860   -0.2453  -0.84101570
   12.2972   -0.0511    1.5632   -0.0886   -0.1851  -0.84101558
   12.3094   -0.0318    1.5923   -0.0904   -0.1121  -0.84101570
   12.3194   -0.0157    1.6071   -0.0912   -0.0459  -0.84101582
   12.3279   -0.0021    1.6121   -0.0914    0.0120  -0.84101593
   12.3353    0.0098    1.6107   -0.0911    0.0631  -0.84101558
   12.3426    0.0216    1.6038   -0.0904    0.1132  -0.84101582
   12.3507    0.0344    1.5906   -0.0893    0.1655  -0.84101582
   12.3603    0.0497    1.5676   -0.0874    0.2236  -0.84101593
   12.3738    0.0706    1.5248   -0.0839    0.2937  -0.84101570
   12.3863    0.0894    1.4778   -0.0799    0.3449  -0.84101582
   12.3983    0.1068    1.4290   -0.0755    0.3820  -0.84101582
   12.4109    0.1244    1.3761   -0.0705    0.4094  -0.84101605
   12.4246    0.1429    1.3189   -0.0648    0.4275  -0.84101582
   12.4404    0.1632    1.2551   -0.0580    0.4361  -0.84101582
   12.4594    0.1864    1.1829   -0.0497    0.4333  -0.84101576
   12.4783    0.2081    1.1162   -0.0416    0.4204  -0.84101564
   12.4975    0.2289    1.0538   -0.0337    0.4003  -0.84101552
   12.5172    0.2491    0.9945   -0.0261    0.3750  -0.84101558
   12.5375    0.2687    0.9377   -0.0187    0.3455  -0.84101558
   12.5586    0.2879    0.8830   -0.0118    0.3133  -0.84101558
   12.5801    0.3063    0.8307   -0.0054    0.2795  -0.84101546
   12.6018    0.3238    0.7806    0.0003    0.2454  -0.84101558
   12.6230    0.3398    0.7341    0.0051    0.2126  -0.84101552
   12.6422    0.3536    0.6932    0.0089    0.1834  -0.84101558
   12.6644    0.3685    0.6477    0.0126    0.1511  -0.84101564
   12.6911    0.3850    0.5947    0.0162    0.1142  -0.84101564
   12.7228    0.4029    0.5334    0.0191    0.0734  -0.84101558
   12.7604    0.4216    0.4622    0.0211    0.0297  -0.84101564
   12.8077    0.4414    0.3747    0.0213   -0.0172  -0.84101558
   12.8581    0.4579    0.2824    0.0194   -0.0572  -0.84101558
   12.9092    0.4700    0.1894    0.0157   -0.0869  -0.84101564
   12.9563    0.4769    0.1037    0.0111   -0.1045  -0.84101558
   13.0006    0.4797    0.0230    0.0063   -0.1123  -0.84101558
   13.0421    0.4791   -0.0526    0.0016   -0.1120  -0.84101564
   13.0753    0.4763   -0.1131   -0.0020   -0.1065  -0.84101558
   13.1074    0.4717   -0.1721   -0.0053   -0.0966  -0.84101558
   13.1392    0.4654   -0.2303   -0.0082   -0.0825  -0.84101558
   13.1744    0.4561   -0.2952   -0.0107   -0.0619  -0.84101558
   13.2129    0.4434   -0.3667   -0.0126   -0.0334  -0.84101558
   13.2546    0.4264   -0.4451   -0.0132    0.0043  -0.84101558
   13.3008    0.4039   -0.5337   -0.0119    0.0542  -0.84101558
   13.3382    0.3825   -0.6076   -0.0090    0.1005  -0.84101558
   13.3694    0.3626   -0.6716   -0.0052    0.1426  -0.84101552
   13.3954    0.3444   -0.7270   -0.0010    0.1799  -0.84101558
   13.4160    0.3290   -0.7727    0.0030    0.2106  -0.84101552
   13.4365    0.3126   -0.8202    0.0076    0.2417  -0.84101558
   13.4565    0.2957   -0.8690    0.0128    0.2724  -0.84101558
   13.4775    0.2769   -0.9229    0.0188    0.3040  -0.84101558
   13.4987    0.2567   -0.9814    0.0256    0.3348  -0.84101558
   13.5197    0.2355   -1.0439    0.0329    0.3626  -0.84101546
   13.5401    0.2135   -1.1097    0.0406    0.3852  -0.84101552
   13.5598    0.1910   -1.1789    0.0483    0.4006  -0.84101552
   13.5788    0.1679   -1.2514    0.0560    0.4062  -0.84101552
   13.5974    0.1440   -1.3273    0.0635    0.3988  -0.84101552
   13.6118    0.1244   -1.3889    0.0691    0.3809  -0.84101546
   13.6246    0.1062   -1.4448    0.0739    0.3534  -0.84101534
   13.6379    0.0867   -1.5008    0.0783    0.3117  -0.84101534
   13.6498    0.0685   -1.5475    0.0817    0.2610  -0.84101522
   13.6611    0.0508   -1.5856    0.0843    0.2013  -0.84101522
   13.6725    0.0325   -1.6153    0.0862    0.1301  -0.84101510
   13.6824    0.0164   -1.6313    0.0872    0.0622  -0.84101522
   13.6907    0.0030   -1.6369    0.0875    0.0030  -0.84101522
   13.6976   -0.0084   -1.6357    0.0873   -0.0473  -0.84101522
   13.7043   -0.0193   -1.6296    0.0868   -0.0954  -0.84101522
   13.7117   -0.0313   -1.6175    0.0859   -0.1460  -0.84101522
   13.7206   -0.0456   -1.5960    0.0844   -0.2031  -0.84101546
   13.7328   -0.0649   -1.5567    0.0815   -0.2711  -0.84101510
   13.7446   -0.0830   -1.5113    0.0779   -0.3240  -0.84101534
   13.7559   -0.0998   -1.4639    0.0741   -0.3627  -0.84101546
   13.7676   -0.1167   -1.4126    0.0696   -0.3920  -0.84101546
   13.7805   -0.1345   -1.3565    0.0644   -0.4124  -0.84101540
   13.7952   -0.1540   -1.2943    0.0583   -0.4237  -0.84101540
   13.8131   -0.1765   -1.2224    0.0507   -0.4242  -0.84101534
   13.8313   -0.1981   -1.1547    0.0430   -0.4139  -0.84101534
   13.8497   -0.2188   -1.0913    0.0355   -0.3961  -0.84101540
   13.8688   -0.2390   -1.0309    0.0282   -0.3724  -0.84101540
   13.8885   -0.2588   -0.9730    0.0211   -0.3443  -0.84101546
   13.9089   -0.2780   -0.9174    0.0144   -0.3132  -0.84101546
   13.9300   -0.2968   -0.8636    0.0082   -0.2799  -0.84101534
   13.9515   -0.3148   -0.8118    0.0025   -0.2456  -0.84101540
   13.9728   -0.3316   -0.7631   -0.0023   -0.2121  -0.84101546
   13.9933   -0.3468   -0.7181   -0.0064   -0.1806  -0.84101546
   14.0143   -0.3614   -0.6737   -0.0098   -0.1494  -0.84101540
   14.0385   -0.3771   -0.6240   -0.0130   -0.1152  -0.84101546
   14.0674   -0.3943   -0.5664   -0.0158   -0.0768  -0.84101540
   14.1019   -0.4127   -0.4993   -0.0177   -0.0351  -0.84101546
   14.1441   -0.4320   -0.4192   -0.0182    0.0095  -0.84101540
   14.1949   -0.4509   -0.3242   -0.0166    0.0535  -0.84101540
   14.2410   -0.4639   -0.2388   -0.0134    0.0839  -0.84101540
   14.2869   -0.4729   -0.1540   -0.0090    0.1051  -0.84101534
   14.3298   -0.4778   -0.0750   -0.0042    0.1166  -0.84101534
   14.3658   -0.4793   -0.0090    0.0000    0.1201  -0.84101534
   14.3962   -0.4788    0.0469    0.0037    0.1186  -0.84101540
   14.4254   -0.4766    0.1006    0.0071    0.1133  -0.84101540
   14.4573   -0.4725    0.1593    0.0106    0.1034  -0.84101534
   14.4933   -0.4655    0.2257    0.0140    0.0868  -0.84101534
   14.5329   -0.4551    0.2989    0.0170    0.0621  -0.84101534
   14.5753   -0.4408    0.3778    0.0189    0.0283  -0.84101528
   14.6207   -0.4217    0.4631    0.0192   -0.0162  -0.84101534
   14.6710   -0.3960    0.5598    0.0170   -0.0752  -0.84101528
   14.7091   -0.3732    0.6358    0.0131   -0.1263  -0.84101534
   14.7406   -0.3522    0.7011    0.0084   -0.1721  -0.84101522
   14.7671   -0.3329    0.7584    0.0034   -0.2126  -0.84101534
   14.7887   -0.3160    0.8076   -0.0016   -0.2467  -0.84101534
   14.8075   -0.3004    0.8523   -0.0065   -0.2767  -0.84101540
   14.8257   -0.2844    0.8980   -0.0118   -0.3058  -0.84101534
   14.8448   -0.2668    0.9486   -0.0180   -0.3355  -0.84101534
   14.8646   -0.2475    1.0047   -0.0249   -0.3648  -0.84101546
   14.8844   -0.2270    1.0654   -0.0324   -0.3911  -0.84101522
   14.9039   -0.2055    1.1304   -0.0402   -0.4124  -0.84101534
   14.9229   -0.1835    1.1990   -0.0482   -0.4259  -0.84101540
   14.9413   -0.1607    1.2712   -0.0561   -0.4291  -0.84101540
   14.9596   -0.1369    1.3475   -0.0638   -0.4182  -0.84101552
   14.9732   -0.1181    1.4065   -0.0694   -0.3977  -0.84101558
   14.9857   -0.1001    1.4610   -0.0742   -0.3671  -0.84101558
   14.9985   -0.0811    1.5143   -0.0787   -0.3224  -0.84101558
   15.0102   -0.0630    1.5585   -0.0821   -0.2684  -0.84101558
   15.0217   -0.0450    1.5943   -0.0848   -0.2043  -0.84101558
   15.0341   -0.0251    1.6214   -0.0869   -0.1236  -0.84101570
   15.0432   -0.0102    1.6318   -0.0877   -0.0596  -0.84101558
   15.0512    0.0029    1.6336   -0.0880   -0.0016  -0.84101558
   15.0582    0.0142    1.6294   -0.0878    0.0481  -0.84101546
   15.0649    0.0251    1.6206   -0.0873    0.0949  -0.84101570
   15.0727    0.0378    1.6048   -0.0864    0.1466  -0.84101570
   15.0829    0.0540    1.5765   -0.0846    0.2077  -0.84101570
   15.0938    0.0709    1.5391   -0.0820    0.2631  -0.84101570
   15.1051    0.0882    1.4945   -0.0787    0.3101  -0.84101546
   15.1164    0.1048    1.4470   -0.0750    0.3458  -0.84101546
   15.1285    0.1220    1.3950   -0.0706    0.3730  -0.84101534
   15.1419    0.1403    1.3379   -0.0655    0.3918  -0.84101540
   15.1573    0.1604    1.2742   -0.0594    0.4015  -0.84101558
   15.1760    0.1835    1.2016   -0.0519    0.4003  -0.84101570
   15.1947    0.2053    1.1342   -0.0445    0.3891  -0.84101576
   15.2138    0.2264    1.0705   -0.0372    0.3706  -0.84101570
   15.2336    0.2470    1.0096   -0.0301    0.3465  -0.84101576
   15.2543    0.2672    0.9507   -0.0232    0.3182  -0.84101582
   15.2758    0.2870    0.8937   -0.0168    0.2867  -0.84101582
   15.2982    0.3064    0.8380   -0.0107    0.2530  -0.84101576
   15.3211    0.3250    0.7840   -0.0053    0.2185  -0.84101576
   15.3443    0.3426    0.7321   -0.0006    0.1841  -0.84101582
   15.3671    0.3588    0.6832    0.0032    0.1515  -0.84101582
   15.3884    0.3728    0.6391    0.0061    0.1223  -0.84101582
   15.4118    0.3872    0.5919    0.0086    0.0919  -0.84101576
   15.4398    0.4030    0.5367    0.0107    0.0578  -0.84101570
   15.4736    0.4201    0.4717    0.0120    0.0206  -0.84101576
   15.5155    0.4381    0.3928    0.0120   -0.0194  -0.84101582
   15.5615    0.4542    0.3073    0.0103   -0.0551  -0.84101576
   15.6083    0.4666    0.2212    0.0070   -0.0825  -0.84101576
   15.6508    0.4744    0.1436    0.0031   -0.0993  -0.84101582
   15.6857    0.4783    0.0799   -0.0005   -0.1073  -0.84101582
   15.7161    0.4799    0.0249   -0.0038   -0.1101  -0.84101576
   15.7456    0.4798   -0.0287   -0.0070   -0.1091  -0.84101582
   15.7783    0.4779   -0.0880   -0.0105   -0.1036  -0.84101582
   15.8148    0.4735   -0.1541   -0.0141   -0.0921  -0.84101576
   15.8546    0.4659   -0.2263   -0.0174   -0.0732  -0.84101582
   15.8970    0.4547   -0.3033   -0.0200   -0.0457  -0.84101582
   15.9419    0.4392   -0.3854   -0.0212   -0.0085  -0.84101582
   15.9899    0.4186   -0.4742   -0.0205    0.0403  -0.84101582
   16.0362    0.3946   -0.5618   -0.0174    0.0956  -0.84101576
   16.0729    0.3727   -0.6337   -0.0130    0.1448  -0.84101576
   16.1039    0.3521   -0.6971   -0.0078    0.1896  -0.84101570
   16.1299    0.3332   -0.7525   -0.0024    0.2289  -0.84101570
   16.1511    0.3168   -0.7998    0.0028    0.2617  -0.84101570
   16.1719    0.2996   -0.8487    0.0086    0.2942  -0.84101558
   16.1914    0.2826   -0.8971    0.0146    0.3243  -0.84101570
   16.2115    0.2641   -0.9501    0.0215    0.3544  -0.84101582
   16.2320    0.2440   -1.0081    0.0290    0.3828  -0.84101570
   16.2523    0.2229   -1.0704    0.0370    0.4073  -0.84101570
   16.2722    0.2010   -1.1365    0.0453    0.4255  -0.84101570
   16.2916    0.1782   -1.2065    0.0537    0.4349  -0.84101570
   16.3107    0.1545   -1.2804    0.0620    0.4323  -0.84101570
   16.3267    0.1335   -1.3457    0.0688    0.4176  -0.84101564
   16.3405    0.1145   -1.4033    0.0744    0.3928  -0.84101570
   16.3533    0.0962   -1.4558    0.0793    0.3579  -0.84101558
   16.3663    0.0769   -1.5057    0.0836    0.3094  -0.84101570
   16.3785    0.0583   -1.5467    0.0870    0.2513  -0.84101546
   16.3909    0.0390   -1.5795    0.0897    0.1809  -0.84101558
   16.4021    0.0211   -1.5988    0.0914    0.1093  -0.84101558
   16.4116    0.0060   -1.6062    0.0921    0.0455  -0.84101558
   16.4201   -0.0077   -1.6054    0.0922   -0.0130  -0.84101570
   16.4283   -0.0208   -1.5981    0.0919   -0.0679  -0.84101570
   16.4361   -0.0332   -1.5855    0.0912   -0.1181  -0.84101570
   16.4449   -0.0472   -1.5652    0.0899   -0.1711  -0.84101558
   16.4581   -0.0675   -1.5258    0.0872   -0.2395  -0.84101582
   16.4702   -0.0858   -1.4821    0.0839   -0.2912  -0.84101570
   16.4820   -0.1030   -1.4359    0.0802   -0.3301  -0.84101570
   16.4945   -0.1206   -1.3854    0.0759   -0.3603  -0.84101582
   16.5081   -0.1390   -1.3300    0.0709   -0.3820  -0.84101588
   16.5234   -0.1590   -1.2690    0.0649   -0.3948  -0.84101599
   16.5419   -0.1818   -1.1989    0.0576   -0.3976  -0.84101599
   16.5615   -0.2046   -1.1295    0.0498   -0.3895  -0.84101588
   16.5815   -0.2265   -1.0642    0.0422   -0.3732  -0.84101605
   16.6020   -0.2477   -1.0020    0.0348   -0.3508  -0.84101611
   16.6235   -0.2685   -0.9418    0.0275   -0.3236  -0.84101605
   16.6458   -0.2889   -0.8836    0.0206   -0.2929  -0.84101611
   16.6690   -0.3087   -0.8270    0.0142   -0.2599  -0.84101611
   16.6928   -0.3278   -0.7720    0.0085   -0.2256  -0.84101617
   16.7174   -0.3461   -0.7183    0.0033   -0.1909  -0.84101605
   16.7420   -0.3631   -0.6666   -0.0009   -0.1571  -0.84101617
   16.7658   -0.3784   -0.6184   -0.0043   -0.1258  -0.84101611
   16.7888   -0.3921   -0.5731   -0.0069   -0.0973  -0.84101605
   16.8154   -0.4067   -0.5219   -0.0090   -0.0663  -0.84101617
   16.8473   -0.4224   -0.4617   -0.0106   -0.0323  -0.84101611
   16.8869   -0.4392   -0.3885   -0.0111    0.0045  -0.84101617
   16.9411   -0.4576   -0.2900   -0.0097    0.0451  -0.84101617
   16.9836   -0.4683   -0.2133   -0.0073    0.0688  -0.84101617
   17.0262   -0.4757   -0.1371   -0.0040    0.0852  -0.84101617
   17.0657   -0.4797   -0.0666   -0.0004    0.0937  -0.84101617
   17.0962   -0.4809   -0.0121    0.0025    0.0960  -0.84101617
   17.1258   -0.4805    0.0407    0.0053    0.0945  -0.84101617
   17.1574   -0.4783    0.0969    0.0082    0.0889  -0.84101611
   17.1926   -0.4738    0.1596    0.0112    0.0779  -0.84101605
   17.2311   -0.4664    0.2282    0.0138    0.0600  -0.84101611
   17.2723   -0.4554    0.3021    0.0158    0.0343  -0.84101611
   17.3163   -0.4404    0.3814    0.0166   -0.0006  -0.84101611
   17.3638   -0.4203    0.4682    0.0155   -0.0466  -0.84101605
   17.4087   -0.3973    0.5525    0.0123   -0.0977  -0.84101605
   17.4435   -0.3769    0.6199    0.0081   -0.1418  -0.84101605
   17.4728   -0.3579    0.6789    0.0034   -0.1816  -0.84101611
   17.4968   -0.3411    0.7290   -0.0014   -0.2156  -0.84101617
   17.5174   -0.3256    0.7739   -0.0061   -0.2456  -0.84101617
   17.5376   -0.3095    0.8200   -0.0114   -0.2752  -0.84101617
   17.5588   -0.2915    0.8710   -0.0176   -0.3062  -0.84101605
   17.5809   -0.2717    0.9273   -0.0247   -0.3373  -0.84101617
   17.6028   -0.2507    0.9876   -0.0324   -0.3661  -0.84101605
   17.6245   -0.2286    1.0520   -0.0406   -0.3905  -0.84101611
   17.6456   -0.2057    1.1199   -0.0490   -0.4083  -0.84101617
   17.6660   -0.1821    1.1911   -0.0575   -0.4169  -0.84101605
   17.6860   -0.1576    1.2661   -0.0658   -0.4132  -0.84101611
   17.7023   -0.1365    1.3301   -0.0724   -0.3979  -0.84101593
   17.7166   -0.1170    1.3875   -0.0779   -0.3726  -0.84101593
   17.7297   -0.0984    1.4394   -0.0826   -0.3377  -0.84101593
   17.7431   -0.0788    1.4889   -0.0868   -0.2894  -0.84101582
   17.7557   -0.0599    1.5298   -0.0901   -0.2318  -0.84101582
   17.7684   -0.0402    1.5626   -0.0926   -0.1623  -0.84101582
   17.7803   -0.0215    1.5828   -0.0941   -0.0889  -0.84101582
   17.7899   -0.0062    1.5904   -0.0947   -0.0260  -0.84101582
   17.7982    0.0070    1.5903   -0.0947    0.0291  -0.84101570
   17.8062    0.0197    1.5842   -0.0942    0.0812  -0.84101605
   17.8143    0.0324    1.5724   -0.0934    0.1322  -0.84101593
   17.8238    0.0473    1.5521   -0.0918    0.1881  -0.84101582
   17.8366    0.0669    1.5155   -0.0890    0.2542  -0.84101570
   17.8498    0.0867    1.4697   -0.0852    0.3101  -0.84101570
   17.8622    0.1046    1.4225   -0.0812    0.3503  -0.84101593
   17.8750    0.1226    1.3714   -0.0764    0.3807  -0.84101582
   17.8890    0.1413    1.3157   -0.0710    0.4022  -0.84101593
   17.9046    0.1614    1.2545   -0.0646    0.4145  -0.84101570
   17.9232    0.1841    1.1853   -0.0568    0.4164  -0.84101582
   17.9431    0.2069    1.1162   -0.0486    0.4074  -0.84101582
   17.9632    0.2287    1.0516   -0.0406    0.3902  -0.84101582
   17.9839    0.2498    0.9902   -0.0328    0.3670  -0.84101588
   18.0052    0.2703    0.9313   -0.0252    0.3392  -0.84101588
   18.0274    0.2903    0.8745   -0.0180    0.3081  -0.84101593
   18.0503    0.3097    0.8194   -0.0114    0.2748  -0.84101599
   18.0737    0.3283    0.7662   -0.0053    0.2404  -0.84101588
   18.0975    0.3459    0.7149   -0.0000    0.2060  -0.84101588
   18.1207    0.3619    0.6668    0.0044    0.1734  -0.84101588
   18.1418    0.3755    0.6244    0.0077    0.1447  -0.84101593
   18.1661    0.3901    0.5769    0.0109    0.1133  -0.84101599
   18.1948    0.4059    0.5224    0.0136    0.0788  -0.84101593
   18.2293    0.4228    0.4582    0.0157    0.0409  -0.84101593
   18.2716    0.4406    0.3808    0.0165    0.0003  -0.84101593
   18.3232    0.4578    0.2879    0.0155   -0.0397  -0.84101599
   18.3696    0.4692    0.2048    0.0129   -0.0667  -0.84101593
   18.4161    0.4768    0.1220    0.0094   -0.0850  -0.84101593
   18.4597    0.4804    0.0444    0.0055   -0.0941  -0.84101593
   18.5006    0.4808   -0.0286    0.0015   -0.0956  -0.84101593
   18.5334    0.4789   -0.0870   -0.0015   -0.0918  -0.84101593
   18.5657    0.4751   -0.1447   -0.0044   -0.0838  -0.84101593
   18.5969    0.4698   -0.2005   -0.0068   -0.0720  -0.84101588
   18.6310    0.4619   -0.2619   -0.0090   -0.0545  -0.84101588
   18.6688    0.4507   -0.3302   -0.0106   -0.0297  -0.84101588
   18.7097    0.4356   -0.4049   -0.0112    0.0034  -0.84101588
   18.7548    0.4155   -0.4889   -0.0100    0.0475  -0.84101588
   18.7927    0.3956   -0.5611   -0.0075    0.0900  -0.84101588
   18.8248    0.3766   -0.6242   -0.0039    0.1298  -0.84101582
   18.8515    0.3592   -0.6786   -0.0000    0.1651  -0.84101588
   18.8722    0.3447   -0.7223    0.0037    0.1937  -0.84101582
   18.8925    0.3296   -0.7667    0.0079    0.2224  -0.84101576
   18.9137    0.3128   -0.8152    0.0130    0.2529  -0.84101582
   18.9362    0.2938   -0.8695    0.0190    0.2852  -0.84101588
   18.9591    0.2733   -0.9282    0.0259    0.3170  -0.84101582
   18.9818    0.2516   -0.9907    0.0334    0.3463  -0.84101593
   19.0038    0.2290   -1.0567    0.0414    0.3710  -0.84101582
   19.0251    0.2058   -1.1257    0.0494    0.3889  -0.84101588
   19.0456    0.1820   -1.1980    0.0575    0.3977  -0.84101582
   19.0655    0.1574   -1.2737    0.0654    0.3943  -0.84101570
   19.0819    0.1360   -1.3391    0.0718    0.3791  -0.84101570
   19.0959    0.1168   -1.3965    0.0770    0.3546  -0.84101582
   19.1088    0.0984   -1.4486    0.0813    0.3206  -0.84101582
   19.1220    0.0791   -1.4988    0.0852    0.2734  -0.84101570
   19.1341    0.0606   -1.5402    0.0882    0.2175  -0.84101570
   19.1461    0.0420   -1.5733    0.0905    0.1517  -0.84101593
   19.1595    0.0206   -1.5980    0.0919    0.0672  -0.84101570
   19.1685    0.0063   -1.6056    0.0923    0.0070  -0.84101593
   19.1759   -0.0057   -1.6060    0.0921   -0.0440  -0.84101593
   19.1833   -0.0175   -1.6012    0.0916   -0.0938  -0.84101593
   19.1910   -0.0299   -1.5905    0.0907   -0.1449  -0.84101593
   19.2003   -0.0445   -1.5711    0.0891   -0.2016  -0.84101593
   19.2120   -0.0627   -1.5376    0.0863   -0.2658  -0.84101593
   19.2240   -0.0809   -1.4957    0.0828   -0.3203  -0.84101593
   19.2362   -0.0989   -1.4480    0.0786   -0.3637  -0.84101605
   19.2486   -0.1165   -1.3973    0.0739   -0.3957  -0.84101605
   19.2617   -0.1345   -1.3425    0.0685   -0.4184  -0.84101605
   19.2765   -0.1539   -1.2823    0.0623   -0.4319  -0.84101617
   19.2939   -0.1757   -1.2144    0.0547   -0.4352  -0.84101617
   19.3129   -0.1981   -1.1453    0.0465   -0.4272  -0.84101605
   19.3321   -0.2194   -1.0809    0.0384   -0.4107  -0.84101611
   19.3517   -0.2400   -1.0200    0.0306   -0.3880  -0.84101611
   19.3719   -0.2600   -0.9617    0.0230   -0.3605  -0.84101617
   19.3929   -0.2796   -0.9058    0.0158   -0.3296  -0.84101617
   19.4145   -0.2985   -0.8518    0.0090   -0.2963  -0.84101617
   19.4364   -0.3166   -0.8003    0.0029   -0.2621  -0.84101611
   19.4582   -0.3335   -0.7516   -0.0024   -0.2284  -0.84101617
   19.4791   -0.3488   -0.7069   -0.0069   -0.1967  -0.84101617
   19.5001   -0.3632   -0.6633   -0.0107   -0.1658  -0.84101617
   19.5245   -0.3788   -0.6145   -0.0143   -0.1315  -0.84101617
   19.5535   -0.3958   -0.5580   -0.0176   -0.0932  -0.84101617
   19.5883   -0.4140   -0.4920   -0.0201   -0.0511  -0.84101611
   19.6304   -0.4331   -0.4136   -0.0212   -0.0063  -0.84101617
   19.6876   -0.4537   -0.3090   -0.0201    0.0432  -0.84101611
   19.7356   -0.4665   -0.2217   -0.0173    0.0744  -0.84101611
   19.7837   -0.4751   -0.1346   -0.0131    0.0960  -0.84101605
   19.8293   -0.4793   -0.0521   -0.0085    0.1073  -0.84101611
   19.8721   -0.4799    0.0256   -0.0038    0.1100  -0.84101617
   19.9079   -0.4778    0.0907    0.0001    0.1062  -0.84101617
   19.9379   -0.4742    0.1454    0.0032    0.0988  -0.84101611
   19.9670   -0.4692    0.1985    0.0059    0.0880  -0.84101611
   19.9990   -0.4620    0.2571    0.0085    0.0720  -0.84101617
   20.0000   -0.4617    0.2589    0.0086    0.0714  -0.84101611
